{"model": "Qwen/Qwen3-8B", "n_layers": 35, "d_model": 4096, "lens_n_prompts": 461, "cka_full": [[1.0, 0.9994747042655945, 0.9992489218711853, 0.9897633790969849, 0.9769700169563293, 0.9741119742393494, 0.9678124189376831, 0.9593984484672546, 0.8942021131515503, 0.8845077157020569, 0.9263044595718384, 0.9335651993751526, 0.853371798992157, 0.8291215300559998, 0.8252210021018982, 0.81078040599823, 0.8176680207252502, 0.8232776522636414, 0.7872216701507568, 0.7559711933135986, 0.7341762185096741, 0.7139737010002136, 0.7005532383918762, 0.6754071116447449, 0.6453359723091125, 0.6248819828033447, 0.6227151155471802, 0.5229263305664062, 0.5091599822044373, 0.49904388189315796, 0.46827295422554016, 0.463255912065506, 0.38786935806274414, 0.37146833539009094, 0.2541739344596863], [0.9994747042655945, 1.0, 0.9996801018714905, 0.9880555868148804, 0.9736840128898621, 0.9708491563796997, 0.9646425843238831, 0.9566153883934021, 0.890053391456604, 0.8803220987319946, 0.9221612811088562, 0.9292457103729248, 0.8486441373825073, 0.8238593339920044, 0.8198691606521606, 0.8051626682281494, 0.8117982149124146, 0.8168701529502869, 0.7814691066741943, 0.749806821346283, 0.7278751730918884, 0.7078222036361694, 0.6939273476600647, 0.6690536141395569, 0.6387133598327637, 0.6180253624916077, 0.6163145899772644, 0.5172041654586792, 0.5036664605140686, 0.49391278624534607, 0.46357521414756775, 0.458677738904953, 0.38412874937057495, 0.36759647727012634, 0.25098368525505066], [0.9992489218711853, 0.9996801018714905, 1.0, 0.9884812235832214, 0.9739522337913513, 0.9708854556083679, 0.964665412902832, 0.9570221304893494, 0.891913115978241, 0.8821075558662415, 0.9228329062461853, 0.9297663569450378, 0.8509828448295593, 0.8260867595672607, 0.8217438459396362, 0.8072519898414612, 0.8134037852287292, 0.8182227611541748, 0.7830777764320374, 0.7513613700866699, 0.7296010851860046, 0.7093113660812378, 0.6951066851615906, 0.669593334197998, 0.6392920613288879, 0.618428647518158, 0.6164513230323792, 0.5186858773231506, 0.5051227807998657, 0.4954346716403961, 0.46503645181655884, 0.45999422669410706, 0.38547447323799133, 0.3688531517982483, 0.2522808611392975], [0.9897633790969849, 0.9880555868148804, 0.9884812235832214, 1.0, 0.9919484853744507, 0.987483561038971, 0.981050968170166, 0.975318431854248, 0.9280281066894531, 0.9185595512390137, 0.949414849281311, 0.9538013339042664, 0.8891428112983704, 0.8670659065246582, 0.8605651259422302, 0.8481834530830383, 0.8499370813369751, 0.856245219707489, 0.8207732439041138, 0.7897986769676208, 0.7704702019691467, 0.7517604231834412, 0.7304942607879639, 0.6982252597808838, 0.6688863635063171, 0.6478895545005798, 0.6431460380554199, 0.5476366281509399, 0.5325624942779541, 0.5220953226089478, 0.4896550178527832, 0.4846464693546295, 0.40846681594848633, 0.39142143726348877, 0.27272099256515503], [0.9769700169563293, 0.9736840128898621, 0.9739522337913513, 0.9919484853744507, 1.0, 0.9973554611206055, 0.99307781457901, 0.9866459965705872, 0.9452446103096008, 0.9374115467071533, 0.9685296416282654, 0.9720715880393982, 0.9119017124176025, 0.8944686055183411, 0.891554057598114, 0.8802686333656311, 0.8833732008934021, 0.8908531665802002, 0.8547653555870056, 0.8257169723510742, 0.807604968547821, 0.7898976802825928, 0.7649555206298828, 0.7305774688720703, 0.7017534375190735, 0.6812136173248291, 0.6750714182853699, 0.5737007260322571, 0.5568172335624695, 0.5450055003166199, 0.509230375289917, 0.5039120316505432, 0.42335203289985657, 0.40594473481178284, 0.2817128598690033], [0.9741119742393494, 0.9708491563796997, 0.9708854556083679, 0.987483561038971, 0.9973554611206055, 1.0, 0.9976134896278381, 0.9919825792312622, 0.9475231170654297, 0.9393405318260193, 0.9702813625335693, 0.974924623966217, 0.9109504222869873, 0.8935927152633667, 0.8916128277778625, 0.8811426758766174, 0.8834370970726013, 0.8908752202987671, 0.8522528409957886, 0.8232929110527039, 0.8051358461380005, 0.7872498631477356, 0.7617487907409668, 0.7282311916351318, 0.6992608904838562, 0.679327666759491, 0.6735633611679077, 0.5703738927841187, 0.5533264875411987, 0.5415247678756714, 0.5053167939186096, 0.4998089671134949, 0.41918566823005676, 0.40236836671829224, 0.27848386764526367], [0.9678124189376831, 0.9646425843238831, 0.964665412902832, 0.981050968170166, 0.99307781457901, 0.9976134896278381, 1.0, 0.9962098002433777, 0.9547277092933655, 0.946708619594574, 0.9738204479217529, 0.9792075753211975, 0.9182582497596741, 0.9013826251029968, 0.9000921249389648, 0.891638457775116, 0.8921099305152893, 0.8982367515563965, 0.8577942252159119, 0.8274433612823486, 0.8100631237030029, 0.7917546629905701, 0.7609029412269592, 0.7248642444610596, 0.6957417130470276, 0.6753455400466919, 0.6685080528259277, 0.5659945011138916, 0.5483956336975098, 0.5363746285438538, 0.4986843764781952, 0.49277669191360474, 0.41096270084381104, 0.39563173055648804, 0.275736540555954], [0.9593984484672546, 0.9566153883934021, 0.9570221304893494, 0.975318431854248, 0.9866459965705872, 0.9919825792312622, 0.9962098002433777, 1.0, 0.9718940258026123, 0.9641427397727966, 0.9768909215927124, 0.9795626997947693, 0.933506190776825, 0.9156010746955872, 0.9100446105003357, 0.9036033749580383, 0.8938268423080444, 0.8995811343193054, 0.8619339466094971, 0.8309145569801331, 0.8150322437286377, 0.7983379364013672, 0.7563322186470032, 0.7154504060745239, 0.6846513748168945, 0.6625955104827881, 0.655684232711792, 0.5613021850585938, 0.5439041256904602, 0.5327777862548828, 0.49505871534347534, 0.48951974511146545, 0.4106045365333557, 0.39469051361083984, 0.2811896800994873], [0.8942021131515503, 0.890053391456604, 0.891913115978241, 0.9280281066894531, 0.9452446103096008, 0.9475231170654297, 0.9547277092933655, 0.9718940258026123, 1.0, 0.9971773624420166, 0.9744280576705933, 0.9678748250007629, 0.9775881767272949, 0.964417576789856, 0.9514041543006897, 0.9509484767913818, 0.9226139783859253, 0.9252359867095947, 0.8994942307472229, 0.8681091070175171, 0.8585442304611206, 0.8453736901283264, 0.7767119407653809, 0.7178382873535156, 0.6861252188682556, 0.6614629626274109, 0.6491791605949402, 0.580790638923645, 0.5621706247329712, 0.5515066385269165, 0.5129579305648804, 0.5081674456596375, 0.43213358521461487, 0.41410064697265625, 0.30992671847343445], [0.8845077157020569, 0.8803220987319946, 0.8821075558662415, 0.9185595512390137, 0.9374115467071533, 0.9393405318260193, 0.946708619594574, 0.9641427397727966, 0.9971773624420166, 1.0, 0.9788254499435425, 0.9703821539878845, 0.9850001335144043, 0.9742350578308105, 0.962539553642273, 0.9614123106002808, 0.9337537288665771, 0.9358010292053223, 0.9135209918022156, 0.88298499584198, 0.8739122152328491, 0.8633341789245605, 0.7898029088973999, 0.7283074855804443, 0.6948392391204834, 0.669819712638855, 0.6572402715682983, 0.589968740940094, 0.5710213780403137, 0.560127317905426, 0.5208568572998047, 0.5161853432655334, 0.44084638357162476, 0.4216504991054535, 0.31722745299339294], [0.9263044595718384, 0.9221612811088562, 0.9228329062461853, 0.949414849281311, 0.9685296416282654, 0.9702813625335693, 0.9738204479217529, 0.9768909215927124, 0.9744280576705933, 0.9788254499435425, 1.0, 0.9971570372581482, 0.9690441489219666, 0.9598076939582825, 0.9583452939987183, 0.9497929215431213, 0.9466280341148376, 0.9511233568191528, 0.9260610938072205, 0.8997164368629456, 0.8859484195709229, 0.8730095624923706, 0.825962483882904, 0.77753746509552, 0.744253396987915, 0.7221140265464783, 0.711717963218689, 0.6207375526428223, 0.6009994745254517, 0.5877416729927063, 0.5466055274009705, 0.5410888195037842, 0.45914140343666077, 0.44011613726615906, 0.316924512386322], [0.9335651993751526, 0.9292457103729248, 0.9297663569450378, 0.9538013339042664, 0.9720715880393982, 0.974924623966217, 0.9792075753211975, 0.9795626997947693, 0.9678748250007629, 0.9703821539878845, 0.9971570372581482, 1.0, 0.9602027535438538, 0.9498702883720398, 0.9495934247970581, 0.9419054985046387, 0.942964494228363, 0.9464315176010132, 0.9158275127410889, 0.8874029517173767, 0.8724911212921143, 0.857487678527832, 0.8160113096237183, 0.7703209519386292, 0.7382627725601196, 0.7174452543258667, 0.7071768641471863, 0.6110048294067383, 0.5912119746208191, 0.5772871375083923, 0.536034882068634, 0.5299661159515381, 0.44614118337631226, 0.42970356345176697, 0.30776503682136536], [0.853371798992157, 0.8486441373825073, 0.8509828448295593, 0.8891428112983704, 0.9119017124176025, 0.9109504222869873, 0.9182582497596741, 0.933506190776825, 0.9775881767272949, 0.9850001335144043, 0.9690441489219666, 0.9602027535438538, 1.0, 0.9962100982666016, 0.9886224865913391, 0.9871113300323486, 0.9678236246109009, 0.9654654860496521, 0.9532855749130249, 0.9248608350753784, 0.9180354475975037, 0.9084722995758057, 0.8334863781929016, 0.7675912380218506, 0.7315979599952698, 0.7060692310333252, 0.6897343397140503, 0.6298857927322388, 0.6088696122169495, 0.59662264585495, 0.5552286505699158, 0.550075113773346, 0.470316618680954, 0.45053258538246155, 0.34528958797454834], [0.8291215300559998, 0.8238593339920044, 0.8260867595672607, 0.8670659065246582, 0.8944686055183411, 0.8935927152633667, 0.9013826251029968, 0.9156010746955872, 0.964417576789856, 0.9742350578308105, 0.9598076939582825, 0.9498702883720398, 0.9962100982666016, 1.0, 0.9957976937294006, 0.9941354990005493, 0.9777743816375732, 0.975460410118103, 0.9671162962913513, 0.9410780668258667, 0.9353730082511902, 0.9277811646461487, 0.8508520722389221, 0.7834993600845337, 0.7474167346954346, 0.7224271893501282, 0.7051065564155579, 0.6438677906990051, 0.6216248273849487, 0.6085540056228638, 0.5656851530075073, 0.5604173541069031, 0.4793880581855774, 0.45902156829833984, 0.3511965572834015], [0.8252210021018982, 0.8198691606521606, 0.8217438459396362, 0.8605651259422302, 0.891554057598114, 0.8916128277778625, 0.9000921249389648, 0.9100446105003357, 0.9514041543006897, 0.962539553642273, 0.9583452939987183, 0.9495934247970581, 0.9886224865913391, 0.9957976937294006, 1.0, 0.9976171851158142, 0.9895637631416321, 0.986887514591217, 0.9789524078369141, 0.9537575840950012, 0.9476737976074219, 0.9400545358657837, 0.8668778538703918, 0.8017515540122986, 0.7655273079872131, 0.740935742855072, 0.7231636047363281, 0.6553058624267578, 0.6320998668670654, 0.6182214021682739, 0.5735602378845215, 0.5683955550193787, 0.4840686321258545, 0.46357211470603943, 0.35053545236587524], [0.81078040599823, 0.8051626682281494, 0.8072519898414612, 0.8481834530830383, 0.8802686333656311, 0.8811426758766174, 0.891638457775116, 0.9036033749580383, 0.9509484767913818, 0.9614123106002808, 0.9497929215431213, 0.9419054985046387, 0.9871113300323486, 0.9941354990005493, 0.9976171851158142, 1.0, 0.9880732297897339, 0.9840364456176758, 0.973755419254303, 0.9460740089416504, 0.941230297088623, 0.9335283637046814, 0.8544944524765015, 0.7861250638961792, 0.7508018612861633, 0.7261212468147278, 0.7073454260826111, 0.6436872482299805, 0.6204699277877808, 0.6068726181983948, 0.5624532699584961, 0.5574061870574951, 0.47367480397224426, 0.4544427692890167, 0.34686726331710815], [0.8176680207252502, 0.8117982149124146, 0.8134037852287292, 0.8499370813369751, 0.8833732008934021, 0.8834370970726013, 0.8921099305152893, 0.8938268423080444, 0.9226139783859253, 0.9337537288665771, 0.9466280341148376, 0.942964494228363, 0.9678236246109009, 0.9777743816375732, 0.9895637631416321, 0.9880732297897339, 1.0, 0.9947835206985474, 0.9847977757453918, 0.9577009677886963, 0.9511107802391052, 0.9400866627693176, 0.8794806003570557, 0.8174126744270325, 0.7846781015396118, 0.7616339921951294, 0.7411980032920837, 0.6676489114761353, 0.6432822942733765, 0.6281404495239258, 0.5823189616203308, 0.5768375396728516, 0.48546090722084045, 0.46712765097618103, 0.34751012921333313], [0.8232776522636414, 0.8168701529502869, 0.8182227611541748, 0.856245219707489, 0.8908531665802002, 0.8908752202987671, 0.8982367515563965, 0.8995811343193054, 0.9252359867095947, 0.9358010292053223, 0.9511233568191528, 0.9464315176010132, 0.9654654860496521, 0.975460410118103, 0.986887514591217, 0.9840364456176758, 0.9947835206985474, 1.0, 0.9890971779823303, 0.9683675765991211, 0.9615482091903687, 0.9515081644058228, 0.898752748966217, 0.8420881032943726, 0.8095173835754395, 0.7868940830230713, 0.7684250473976135, 0.6925517916679382, 0.6682592034339905, 0.6529150009155273, 0.6066085696220398, 0.6010602116584778, 0.5109224915504456, 0.49098625779151917, 0.36679431796073914], [0.7872216701507568, 0.7814691066741943, 0.7830777764320374, 0.8207732439041138, 0.8547653555870056, 0.8522528409957886, 0.8577942252159119, 0.8619339466094971, 0.8994942307472229, 0.9135209918022156, 0.9260610938072205, 0.9158275127410889, 0.9532855749130249, 0.9671162962913513, 0.9789524078369141, 0.973755419254303, 0.9847977757453918, 0.9890971779823303, 1.0, 0.9856404662132263, 0.9809860587120056, 0.9743250608444214, 0.9215013384819031, 0.8636896014213562, 0.8290210962295532, 0.8048737645149231, 0.7860205173492432, 0.7227292656898499, 0.6984686255455017, 0.6842256784439087, 0.6375893950462341, 0.6321302652359009, 0.5445825457572937, 0.5213930010795593, 0.3947984576225281], [0.7559711933135986, 0.749806821346283, 0.7513613700866699, 0.7897986769676208, 0.8257169723510742, 0.8232929110527039, 0.8274433612823486, 0.8309145569801331, 0.8681091070175171, 0.88298499584198, 0.8997164368629456, 0.8874029517173767, 0.9248608350753784, 0.9410780668258667, 0.9537575840950012, 0.9460740089416504, 0.9577009677886963, 0.9683675765991211, 0.9856404662132263, 1.0, 0.9972556829452515, 0.9907833933830261, 0.957823634147644, 0.9099164605140686, 0.8793241381645203, 0.8577125668525696, 0.8399197459220886, 0.7838598489761353, 0.7601118683815002, 0.7452824115753174, 0.6987543702125549, 0.6914974451065063, 0.6055158376693726, 0.5814022421836853, 0.4462657868862152], [0.7341762185096741, 0.7278751730918884, 0.7296010851860046, 0.7704702019691467, 0.807604968547821, 0.8051358461380005, 0.8100631237030029, 0.8150322437286377, 0.8585442304611206, 0.8739122152328491, 0.8859484195709229, 0.8724911212921143, 0.9180354475975037, 0.9353730082511902, 0.9476737976074219, 0.941230297088623, 0.9511107802391052, 0.9615482091903687, 0.9809860587120056, 0.9972556829452515, 1.0, 0.9941729307174683, 0.9600009918212891, 0.9103303551673889, 0.8819159269332886, 0.8603828549385071, 0.8416185975074768, 0.7923592329025269, 0.7687984108924866, 0.7543981075286865, 0.7079970836639404, 0.7005929350852966, 0.6161132454872131, 0.5921354293823242, 0.4592781960964203], [0.7139737010002136, 0.7078222036361694, 0.7093113660812378, 0.7517604231834412, 0.7898976802825928, 0.7872498631477356, 0.7917546629905701, 0.7983379364013672, 0.8453736901283264, 0.8633341789245605, 0.8730095624923706, 0.857487678527832, 0.9084722995758057, 0.9277811646461487, 0.9400545358657837, 0.9335283637046814, 0.9400866627693176, 0.9515081644058228, 0.9743250608444214, 0.9907833933830261, 0.9941729307174683, 1.0, 0.9585703611373901, 0.9066563248634338, 0.8777831792831421, 0.8570597171783447, 0.8403064012527466, 0.7926757335662842, 0.7697515487670898, 0.755842924118042, 0.7098037600517273, 0.7029197216033936, 0.6235438585281372, 0.5978272557258606, 0.47018715739250183], [0.7005532383918762, 0.6939273476600647, 0.6951066851615906, 0.7304942607879639, 0.7649555206298828, 0.7617487907409668, 0.7609029412269592, 0.7563322186470032, 0.7767119407653809, 0.7898029088973999, 0.825962483882904, 0.8160113096237183, 0.8334863781929016, 0.8508520722389221, 0.8668778538703918, 0.8544944524765015, 0.8794806003570557, 0.898752748966217, 0.9215013384819031, 0.957823634147644, 0.9600009918212891, 0.9585703611373901, 1.0, 0.9802960157394409, 0.9624186158180237, 0.9484968185424805, 0.9347695112228394, 0.8917311429977417, 0.8718342185020447, 0.8571929335594177, 0.817074179649353, 0.8081507682800293, 0.7319588661193848, 0.7082881927490234, 0.5651851296424866], [0.6754071116447449, 0.6690536141395569, 0.669593334197998, 0.6982252597808838, 0.7305774688720703, 0.7282311916351318, 0.7248642444610596, 0.7154504060745239, 0.7178382873535156, 0.7283074855804443, 0.77753746509552, 0.7703209519386292, 0.7675912380218506, 0.7834993600845337, 0.8017515540122986, 0.7861250638961792, 0.8174126744270325, 0.8420881032943726, 0.8636896014213562, 0.9099164605140686, 0.9103303551673889, 0.9066563248634338, 0.9802960157394409, 1.0, 0.9840688705444336, 0.9735633134841919, 0.9644895195960999, 0.9205141663551331, 0.9042536616325378, 0.8899874091148376, 0.8530259728431702, 0.8441842198371887, 0.7749205231666565, 0.7529952526092529, 0.6077799797058105], [0.6453359723091125, 0.6387133598327637, 0.6392920613288879, 0.6688863635063171, 0.7017534375190735, 0.6992608904838562, 0.6957417130470276, 0.6846513748168945, 0.6861252188682556, 0.6948392391204834, 0.744253396987915, 0.7382627725601196, 0.7315979599952698, 0.7474167346954346, 0.7655273079872131, 0.7508018612861633, 0.7846781015396118, 0.8095173835754395, 0.8290210962295532, 0.8793241381645203, 0.8819159269332886, 0.8777831792831421, 0.9624186158180237, 0.9840688705444336, 1.0, 0.9914035797119141, 0.9831437468528748, 0.948153018951416, 0.9336807727813721, 0.9208488464355469, 0.8884469270706177, 0.8799892067909241, 0.8115657567977905, 0.792461633682251, 0.6469311118125916], [0.6248819828033447, 0.6180253624916077, 0.618428647518158, 0.6478895545005798, 0.6812136173248291, 0.679327666759491, 0.6753455400466919, 0.6625955104827881, 0.6614629626274109, 0.669819712638855, 0.7221140265464783, 0.7174452543258667, 0.7060692310333252, 0.7224271893501282, 0.740935742855072, 0.7261212468147278, 0.7616339921951294, 0.7868940830230713, 0.8048737645149231, 0.8577125668525696, 0.8603828549385071, 0.8570597171783447, 0.9484968185424805, 0.9735633134841919, 0.9914035797119141, 1.0, 0.9932461380958557, 0.9586065411567688, 0.9459704756736755, 0.9330703616142273, 0.9050307273864746, 0.8960259556770325, 0.8303562998771667, 0.8131389617919922, 0.6703862547874451], [0.6227151155471802, 0.6163145899772644, 0.6164513230323792, 0.6431460380554199, 0.6750714182853699, 0.6735633611679077, 0.6685080528259277, 0.655684232711792, 0.6491791605949402, 0.6572402715682983, 0.711717963218689, 0.7071768641471863, 0.6897343397140503, 0.7051065564155579, 0.7231636047363281, 0.7073454260826111, 0.7411980032920837, 0.7684250473976135, 0.7860205173492432, 0.8399197459220886, 0.8416185975074768, 0.8403064012527466, 0.9347695112228394, 0.9644895195960999, 0.9831437468528748, 0.9932461380958557, 1.0, 0.96222323179245, 0.950640857219696, 0.9390385746955872, 0.9137260317802429, 0.9054019451141357, 0.8432026505470276, 0.8262643814086914, 0.6852599382400513], [0.5229263305664062, 0.5172041654586792, 0.5186858773231506, 0.5476366281509399, 0.5737007260322571, 0.5703738927841187, 0.5659945011138916, 0.5613021850585938, 0.580790638923645, 0.589968740940094, 0.6207375526428223, 0.6110048294067383, 0.6298857927322388, 0.6438677906990051, 0.6553058624267578, 0.6436872482299805, 0.6676489114761353, 0.6925517916679382, 0.7227292656898499, 0.7838598489761353, 0.7923592329025269, 0.7926757335662842, 0.8917311429977417, 0.9205141663551331, 0.948153018951416, 0.9586065411567688, 0.96222323179245, 1.0, 0.9925320744514465, 0.9852310419082642, 0.9684302806854248, 0.9606735706329346, 0.9172261953353882, 0.8999956846237183, 0.7783374786376953], [0.5091599822044373, 0.5036664605140686, 0.5051227807998657, 0.5325624942779541, 0.5568172335624695, 0.5533264875411987, 0.5483956336975098, 0.5439041256904602, 0.5621706247329712, 0.5710213780403137, 0.6009994745254517, 0.5912119746208191, 0.6088696122169495, 0.6216248273849487, 0.6320998668670654, 0.6204699277877808, 0.6432822942733765, 0.6682592034339905, 0.6984686255455017, 0.7601118683815002, 0.7687984108924866, 0.7697515487670898, 0.8718342185020447, 0.9042536616325378, 0.9336807727813721, 0.9459704756736755, 0.950640857219696, 0.9925320744514465, 1.0, 0.9933980107307434, 0.9797713160514832, 0.9723730683326721, 0.9349119067192078, 0.9183090925216675, 0.801227331161499], [0.49904388189315796, 0.49391278624534607, 0.4954346716403961, 0.5220953226089478, 0.5450055003166199, 0.5415247678756714, 0.5363746285438538, 0.5327777862548828, 0.5515066385269165, 0.560127317905426, 0.5877416729927063, 0.5772871375083923, 0.59662264585495, 0.6085540056228638, 0.6182214021682739, 0.6068726181983948, 0.6281404495239258, 0.6529150009155273, 0.6842256784439087, 0.7452824115753174, 0.7543981075286865, 0.755842924118042, 0.8571929335594177, 0.8899874091148376, 0.9208488464355469, 0.9330703616142273, 0.9390385746955872, 0.9852310419082642, 0.9933980107307434, 1.0, 0.987472414970398, 0.9804834127426147, 0.946926474571228, 0.9296524524688721, 0.8162654638290405], [0.46827295422554016, 0.46357521414756775, 0.46503645181655884, 0.4896550178527832, 0.509230375289917, 0.5053167939186096, 0.4986843764781952, 0.49505871534347534, 0.5129579305648804, 0.5208568572998047, 0.5466055274009705, 0.536034882068634, 0.5552286505699158, 0.5656851530075073, 0.5735602378845215, 0.5624532699584961, 0.5823189616203308, 0.6066085696220398, 0.6375893950462341, 0.6987543702125549, 0.7079970836639404, 0.7098037600517273, 0.817074179649353, 0.8530259728431702, 0.8884469270706177, 0.9050307273864746, 0.9137260317802429, 0.9684302806854248, 0.9797713160514832, 0.987472414970398, 1.0, 0.9931561946868896, 0.9660109877586365, 0.9499703645706177, 0.841432511806488], [0.463255912065506, 0.458677738904953, 0.45999422669410706, 0.4846464693546295, 0.5039120316505432, 0.4998089671134949, 0.49277669191360474, 0.48951974511146545, 0.5081674456596375, 0.5161853432655334, 0.5410888195037842, 0.5299661159515381, 0.550075113773346, 0.5604173541069031, 0.5683955550193787, 0.5574061870574951, 0.5768375396728516, 0.6010602116584778, 0.6321302652359009, 0.6914974451065063, 0.7005929350852966, 0.7029197216033936, 0.8081507682800293, 0.8441842198371887, 0.8799892067909241, 0.8960259556770325, 0.9054019451141357, 0.9606735706329346, 0.9723730683326721, 0.9804834127426147, 0.9931561946868896, 1.0, 0.972733199596405, 0.955292284488678, 0.8459876179695129], [0.38786935806274414, 0.38412874937057495, 0.38547447323799133, 0.40846681594848633, 0.42335203289985657, 0.41918566823005676, 0.41096270084381104, 0.4106045365333557, 0.43213358521461487, 0.44084638357162476, 0.45914140343666077, 0.44614118337631226, 0.470316618680954, 0.4793880581855774, 0.4840686321258545, 0.47367480397224426, 0.48546090722084045, 0.5109224915504456, 0.5445825457572937, 0.6055158376693726, 0.6161132454872131, 0.6235438585281372, 0.7319588661193848, 0.7749205231666565, 0.8115657567977905, 0.8303562998771667, 0.8432026505470276, 0.9172261953353882, 0.9349119067192078, 0.946926474571228, 0.9660109877586365, 0.972733199596405, 1.0, 0.9812877774238586, 0.8997526168823242], [0.37146833539009094, 0.36759647727012634, 0.3688531517982483, 0.39142143726348877, 0.40594473481178284, 0.40236836671829224, 0.39563173055648804, 0.39469051361083984, 0.41410064697265625, 0.4216504991054535, 0.44011613726615906, 0.42970356345176697, 0.45053258538246155, 0.45902156829833984, 0.46357211470603943, 0.4544427692890167, 0.46712765097618103, 0.49098625779151917, 0.5213930010795593, 0.5814022421836853, 0.5921354293823242, 0.5978272557258606, 0.7082881927490234, 0.7529952526092529, 0.792461633682251, 0.8131389617919922, 0.8262643814086914, 0.8999956846237183, 0.9183090925216675, 0.9296524524688721, 0.9499703645706177, 0.955292284488678, 0.9812877774238586, 1.0, 0.9177193641662598], [0.2541739344596863, 0.25098368525505066, 0.2522808611392975, 0.27272099256515503, 0.2817128598690033, 0.27848386764526367, 0.275736540555954, 0.2811896800994873, 0.30992671847343445, 0.31722745299339294, 0.316924512386322, 0.30776503682136536, 0.34528958797454834, 0.3511965572834015, 0.35053545236587524, 0.34686726331710815, 0.34751012921333313, 0.36679431796073914, 0.3947984576225281, 0.4462657868862152, 0.4592781960964203, 0.47018715739250183, 0.5651851296424866, 0.6077799797058105, 0.6469311118125916, 0.6703862547874451, 0.6852599382400513, 0.7783374786376953, 0.801227331161499, 0.8162654638290405, 0.841432511806488, 0.8459876179695129, 0.8997526168823242, 0.9177193641662598, 1.0]], "blockiness_full": 0.30189863939890194, "cuts_full": [23, 34], "blockiness_subsampled": 0.11344935522451027, "cuts_subsampled": [4, 10], "n_subsampled": 12, "inflation": -0.18844928417439166}