{"model": "Qwen/Qwen3-14B", "n_layers": 39, "d_model": 5120, "lens_n_prompts": 615, "cka_full": [[1.0, 0.9969473481178284, 0.9948330521583557, 0.9920823574066162, 0.9820302724838257, 0.968602180480957, 0.9516355991363525, 0.9324982166290283, 0.9108280539512634, 0.8690973520278931, 0.822270929813385, 0.8147556185722351, 0.8083112835884094, 0.8618144989013672, 0.8362997770309448, 0.810906708240509, 0.7874290347099304, 0.7656220197677612, 0.7596248388290405, 0.7371939420700073, 0.7404895424842834, 0.7576103210449219, 0.757496178150177, 0.7147139310836792, 0.7028696537017822, 0.7113749980926514, 0.6618146896362305, 0.6407430768013, 0.6182117462158203, 0.5882099866867065, 0.585376501083374, 0.5313924551010132, 0.4769197106361389, 0.4798036217689514, 0.4544600248336792, 0.44232872128486633, 0.4293215572834015, 0.399128794670105, 0.3366122841835022], [0.9969473481178284, 1.0, 0.9991400837898254, 0.9977354407310486, 0.9903373718261719, 0.9808197617530823, 0.9662225842475891, 0.9454712867736816, 0.9250252842903137, 0.8859264850616455, 0.8372756838798523, 0.8298920392990112, 0.8238651156425476, 0.8740483522415161, 0.8479783535003662, 0.8237366676330566, 0.8013404607772827, 0.7802256345748901, 0.7734792828559875, 0.7502248883247375, 0.7530176639556885, 0.7682430744171143, 0.7665796875953674, 0.720673680305481, 0.7080907225608826, 0.7155517339706421, 0.6627042293548584, 0.6419264078140259, 0.6178692579269409, 0.5875149369239807, 0.584351658821106, 0.5280225276947021, 0.47143274545669556, 0.4740600883960724, 0.44912147521972656, 0.4368918538093567, 0.4239738881587982, 0.3950956165790558, 0.332111120223999], [0.9948330521583557, 0.9991400837898254, 1.0, 0.9988874793052673, 0.9926798343658447, 0.9844260215759277, 0.970876932144165, 0.9507501125335693, 0.9309863448143005, 0.8931388258934021, 0.8438863158226013, 0.8364256024360657, 0.8306882381439209, 0.8795424699783325, 0.8533004522323608, 0.8290188908576965, 0.8069884181022644, 0.7858685255050659, 0.7791368961334229, 0.7556042075157166, 0.7582054734230042, 0.7730770111083984, 0.7709065079689026, 0.7241019606590271, 0.7110450267791748, 0.7181681990623474, 0.6639394164085388, 0.6432487964630127, 0.6183204650878906, 0.5876769423484802, 0.5845414400100708, 0.5270138382911682, 0.4695601761341095, 0.4721214473247528, 0.446961373090744, 0.43459051847457886, 0.4213975667953491, 0.39173582196235657, 0.32934051752090454], [0.9920823574066162, 0.9977354407310486, 0.9988874793052673, 1.0, 0.9943617582321167, 0.9873249530792236, 0.97459876537323, 0.9531413316726685, 0.9334878325462341, 0.8969881534576416, 0.8481161594390869, 0.8405172228813171, 0.8346883058547974, 0.881336510181427, 0.8548075556755066, 0.8312461972236633, 0.8099964261054993, 0.7892919778823853, 0.7820888757705688, 0.7586550712585449, 0.7610026001930237, 0.7746081948280334, 0.7712680101394653, 0.723613977432251, 0.710556149482727, 0.7173998355865479, 0.6618417501449585, 0.6413585543632507, 0.6159453392028809, 0.5852737426757812, 0.5818586945533752, 0.5239041447639465, 0.4660921096801758, 0.4685608148574829, 0.44375622272491455, 0.43161430954933167, 0.41883909702301025, 0.39069193601608276, 0.32760947942733765], [0.9820302724838257, 0.9903373718261719, 0.9926798343658447, 0.9943617582321167, 1.0, 0.9963597059249878, 0.9883825778961182, 0.9723959565162659, 0.956217885017395, 0.9244097471237183, 0.8776697516441345, 0.8696696162223816, 0.8646019697189331, 0.908774197101593, 0.8840258121490479, 0.8608993887901306, 0.8409531712532043, 0.8211018443107605, 0.814534604549408, 0.7917140126228333, 0.793559193611145, 0.8057235479354858, 0.8017153143882751, 0.751459002494812, 0.7368594408035278, 0.7397145628929138, 0.680698573589325, 0.6597640514373779, 0.6307206153869629, 0.5977705121040344, 0.5944045186042786, 0.5303886532783508, 0.47055792808532715, 0.47253698110580444, 0.4473317861557007, 0.43517494201660156, 0.4211422801017761, 0.3905414640903473, 0.3281979262828827], [0.968602180480957, 0.9808197617530823, 0.9844260215759277, 0.9873249530792236, 0.9963597059249878, 1.0, 0.9957551956176758, 0.9781001806259155, 0.9638957381248474, 0.9363216161727905, 0.8865401148796082, 0.8796565532684326, 0.8753547668457031, 0.9143644571304321, 0.8884632587432861, 0.8666846752166748, 0.8481557369232178, 0.8288289308547974, 0.820985734462738, 0.7973504066467285, 0.7984325885772705, 0.8080218434333801, 0.8030804395675659, 0.749581515789032, 0.734131395816803, 0.7347800731658936, 0.6737769842147827, 0.653479814529419, 0.6225878596305847, 0.5901099443435669, 0.5865945219993591, 0.5197993516921997, 0.4582139551639557, 0.4600978493690491, 0.43523770570755005, 0.4228884279727936, 0.4086399972438812, 0.3782174587249756, 0.3160352408885956], [0.9516355991363525, 0.9662225842475891, 0.970876932144165, 0.97459876537323, 0.9883825778961182, 0.9957551956176758, 1.0, 0.9859550595283508, 0.9741199612617493, 0.9506807923316956, 0.9004571437835693, 0.89405357837677, 0.8906042575836182, 0.9257351160049438, 0.8995148539543152, 0.8783279657363892, 0.8611624836921692, 0.8423522710800171, 0.8341113328933716, 0.8107353448867798, 0.8109958171844482, 0.8181970715522766, 0.812201738357544, 0.7565978765487671, 0.740251898765564, 0.7370849847793579, 0.6746523380279541, 0.6547262668609619, 0.6214343309402466, 0.5882492065429688, 0.5845488905906677, 0.5131670832633972, 0.45050814747810364, 0.4520975649356842, 0.42706725001335144, 0.4145521819591522, 0.4000018835067749, 0.3699628412723541, 0.3079822063446045], [0.9324982166290283, 0.9454712867736816, 0.9507501125335693, 0.9531413316726685, 0.9723959565162659, 0.9781001806259155, 0.9859550595283508, 1.0, 0.9960140585899353, 0.9809086918830872, 0.9455018639564514, 0.9401745796203613, 0.9376798868179321, 0.959618866443634, 0.9385541081428528, 0.920789897441864, 0.905418336391449, 0.8867895007133484, 0.8790649771690369, 0.8597555756568909, 0.8563008308410645, 0.8564188480377197, 0.8449655771255493, 0.7984959483146667, 0.7802237868309021, 0.7685086727142334, 0.7118719220161438, 0.6911959648132324, 0.6509600281715393, 0.6133650541305542, 0.6097314357757568, 0.5312333703041077, 0.4703887701034546, 0.47146832942962646, 0.44659560918807983, 0.4342510402202606, 0.41921132802963257, 0.384509801864624, 0.32072684168815613], [0.9108280539512634, 0.9250252842903137, 0.9309863448143005, 0.9334878325462341, 0.956217885017395, 0.9638957381248474, 0.9741199612617493, 0.9960140585899353, 1.0, 0.993048906326294, 0.9667205810546875, 0.9630263447761536, 0.9614356756210327, 0.9683685898780823, 0.9495521783828735, 0.9362329840660095, 0.923180103302002, 0.9057012796401978, 0.8965380787849426, 0.8795781135559082, 0.8727697134017944, 0.8655179142951965, 0.8488278985023499, 0.8071063160896301, 0.787065327167511, 0.7695431113243103, 0.7160715460777283, 0.6955759525299072, 0.6500298976898193, 0.610155463218689, 0.6063827872276306, 0.5240450501441956, 0.46490320563316345, 0.4659256339073181, 0.4419902265071869, 0.4301277995109558, 0.4152567386627197, 0.3805822730064392, 0.3160308599472046], [0.8690973520278931, 0.8859264850616455, 0.8931388258934021, 0.8969881534576416, 0.9244097471237183, 0.9363216161727905, 0.9506807923316956, 0.9809086918830872, 0.993048906326294, 1.0, 0.9859082698822021, 0.9840271472930908, 0.9832271933555603, 0.9679695963859558, 0.9508275985717773, 0.9444727301597595, 0.9357566833496094, 0.919971227645874, 0.9085401296615601, 0.896146833896637, 0.8852353096008301, 0.8680269122123718, 0.8407612442970276, 0.806013822555542, 0.7830092310905457, 0.758867621421814, 0.7087773084640503, 0.689706027507782, 0.6352239847183228, 0.5926681160926819, 0.5880808234214783, 0.5027309060096741, 0.4469069838523865, 0.4477638304233551, 0.42599228024482727, 0.4149893522262573, 0.40126389265060425, 0.3672986626625061, 0.30442148447036743], [0.822270929813385, 0.8372756838798523, 0.8438863158226013, 0.8481161594390869, 0.8776697516441345, 0.8865401148796082, 0.9004571437835693, 0.9455018639564514, 0.9667205810546875, 0.9859082698822021, 1.0, 0.9987026453018188, 0.9975795745849609, 0.9617956876754761, 0.9507911205291748, 0.952004611492157, 0.9475705027580261, 0.9335548877716064, 0.921858012676239, 0.91810142993927, 0.9027003645896912, 0.8753838539123535, 0.8331372141838074, 0.8147841095924377, 0.789077639579773, 0.7579591274261475, 0.7161286473274231, 0.6984893679618835, 0.6323065161705017, 0.5840668678283691, 0.577899158000946, 0.49279025197029114, 0.4454428255558014, 0.4459707736968994, 0.4266622066497803, 0.4174797832965851, 0.40548864006996155, 0.37130269408226013, 0.3084230422973633], [0.8147556185722351, 0.8298920392990112, 0.8364256024360657, 0.8405172228813171, 0.8696696162223816, 0.8796565532684326, 0.89405357837677, 0.9401745796203613, 0.9630263447761536, 0.9840271472930908, 0.9987026453018188, 1.0, 0.999378502368927, 0.9599334597587585, 0.9485414624214172, 0.9512587785720825, 0.9466891884803772, 0.9328181147575378, 0.9203811287879944, 0.9168639183044434, 0.900820255279541, 0.8710705041885376, 0.8286444544792175, 0.8112138509750366, 0.7855572700500488, 0.7522088289260864, 0.7127101421356201, 0.6951189637184143, 0.6285513639450073, 0.5807628035545349, 0.574539065361023, 0.48878926038742065, 0.44158995151519775, 0.4423024654388428, 0.4230705499649048, 0.41378629207611084, 0.4019518196582794, 0.366621732711792, 0.3039150834083557], [0.8083112835884094, 0.8238651156425476, 0.8306882381439209, 0.8346883058547974, 0.8646019697189331, 0.8753547668457031, 0.8906042575836182, 0.9376798868179321, 0.9614356756210327, 0.9832271933555603, 0.9975795745849609, 0.999378502368927, 1.0, 0.9608157873153687, 0.9503867030143738, 0.9536507725715637, 0.9494771957397461, 0.936154842376709, 0.9235632419586182, 0.9196726083755493, 0.9034619927406311, 0.8723512887954712, 0.8302528858184814, 0.813514232635498, 0.7880900502204895, 0.7515029907226562, 0.712517261505127, 0.6948311924934387, 0.6279688477516174, 0.5800988078117371, 0.5741469860076904, 0.48639190196990967, 0.43919262290000916, 0.4398297369480133, 0.4205230176448822, 0.4112716019153595, 0.39915797114372253, 0.36312609910964966, 0.3010055720806122], [0.8618144989013672, 0.8740483522415161, 0.8795424699783325, 0.881336510181427, 0.908774197101593, 0.9143644571304321, 0.9257351160049438, 0.959618866443634, 0.9683685898780823, 0.9679695963859558, 0.9617956876754761, 0.9599334597587585, 0.9608157873153687, 1.0, 0.994048535823822, 0.9849588871002197, 0.9744818210601807, 0.9618290066719055, 0.9598435759544373, 0.9477053880691528, 0.9456499218940735, 0.9387637376785278, 0.9173117876052856, 0.8883209824562073, 0.8681254386901855, 0.8344545960426331, 0.7878444790840149, 0.7685086131095886, 0.7102900743484497, 0.6621543765068054, 0.6550119519233704, 0.5659170150756836, 0.5098212957382202, 0.5097326636314392, 0.48487845063209534, 0.47439584136009216, 0.45642516016960144, 0.4101174771785736, 0.3449994921684265], [0.8362997770309448, 0.8479783535003662, 0.8533004522323608, 0.8548075556755066, 0.8840258121490479, 0.8884632587432861, 0.8995148539543152, 0.9385541081428528, 0.9495521783828735, 0.9508275985717773, 0.9507911205291748, 0.9485414624214172, 0.9503867030143738, 0.994048535823822, 1.0, 0.9943529963493347, 0.9868238568305969, 0.9772633910179138, 0.9774497151374817, 0.966708242893219, 0.9654640555381775, 0.9565923810005188, 0.936065137386322, 0.9126816987991333, 0.8942466378211975, 0.8516530394554138, 0.8072230219841003, 0.7876617312431335, 0.7278980612754822, 0.6782028675079346, 0.670987069606781, 0.5767921209335327, 0.5219523310661316, 0.5213837027549744, 0.4966275990009308, 0.486526221036911, 0.4674070477485657, 0.41952651739120483, 0.3540893495082855], [0.810906708240509, 0.8237366676330566, 0.8290188908576965, 0.8312461972236633, 0.8608993887901306, 0.8666846752166748, 0.8783279657363892, 0.920789897441864, 0.9362329840660095, 0.9444727301597595, 0.952004611492157, 0.9512587785720825, 0.9536507725715637, 0.9849588871002197, 0.9943529963493347, 1.0, 0.9967547655105591, 0.9915094971656799, 0.9880123138427734, 0.9797820448875427, 0.9762340188026428, 0.9573948383331299, 0.9305880069732666, 0.9154990911483765, 0.8970837593078613, 0.8442500233650208, 0.8058541417121887, 0.7861967086791992, 0.7229390740394592, 0.671938419342041, 0.6645312905311584, 0.5668501853942871, 0.5154430270195007, 0.5151169300079346, 0.4920046031475067, 0.48258069157600403, 0.4641537368297577, 0.4186389446258545, 0.35300347208976746], [0.7874290347099304, 0.8013404607772827, 0.8069884181022644, 0.8099964261054993, 0.8409531712532043, 0.8481557369232178, 0.8611624836921692, 0.905418336391449, 0.923180103302002, 0.9357566833496094, 0.9475705027580261, 0.9466891884803772, 0.9494771957397461, 0.9744818210601807, 0.9868238568305969, 0.9967547655105591, 1.0, 0.9969664812088013, 0.9920006394386292, 0.9850296974182129, 0.9802751541137695, 0.956473708152771, 0.9224860668182373, 0.9101552367210388, 0.8910477161407471, 0.8335356116294861, 0.7958815693855286, 0.7773129940032959, 0.7083828449249268, 0.6563597917556763, 0.6488056182861328, 0.549081563949585, 0.4998813569545746, 0.49939432740211487, 0.4776536524295807, 0.46899494528770447, 0.4512999653816223, 0.40836596488952637, 0.34311404824256897], [0.7656220197677612, 0.7802256345748901, 0.7858685255050659, 0.7892919778823853, 0.8211018443107605, 0.8288289308547974, 0.8423522710800171, 0.8867895007133484, 0.9057012796401978, 0.919971227645874, 0.9335548877716064, 0.9328181147575378, 0.936154842376709, 0.9618290066719055, 0.9772633910179138, 0.9915094971656799, 0.9969664812088013, 1.0, 0.994201123714447, 0.9879454374313354, 0.9830343723297119, 0.954585075378418, 0.9209096431732178, 0.9100275039672852, 0.8919909000396729, 0.8283986449241638, 0.7925866842269897, 0.7735864520072937, 0.7053130269050598, 0.652964174747467, 0.6455845832824707, 0.5425643920898438, 0.4946293234825134, 0.4938599467277527, 0.47263243794441223, 0.4644041955471039, 0.4464912712574005, 0.4062581956386566, 0.3406672179698944], [0.7596248388290405, 0.7734792828559875, 0.7791368961334229, 0.7820888757705688, 0.814534604549408, 0.820985734462738, 0.8341113328933716, 0.8790649771690369, 0.8965380787849426, 0.9085401296615601, 0.921858012676239, 0.9203811287879944, 0.9235632419586182, 0.9598435759544373, 0.9774497151374817, 0.9880123138427734, 0.9920006394386292, 0.994201123714447, 1.0, 0.995908260345459, 0.99327552318573, 0.974250078201294, 0.9446747899055481, 0.9305490255355835, 0.9117050170898438, 0.8546167612075806, 0.8164639472961426, 0.7972515225410461, 0.7287071943283081, 0.6750044822692871, 0.6669259071350098, 0.5663576126098633, 0.516518235206604, 0.5154550671577454, 0.49311938881874084, 0.48462021350860596, 0.4659459590911865, 0.4211323857307434, 0.35537996888160706], [0.7371939420700073, 0.7502248883247375, 0.7556042075157166, 0.7586550712585449, 0.7917140126228333, 0.7973504066467285, 0.8107353448867798, 0.8597555756568909, 0.8795781135559082, 0.896146833896637, 0.91810142993927, 0.9168639183044434, 0.9196726083755493, 0.9477053880691528, 0.966708242893219, 0.9797820448875427, 0.9850296974182129, 0.9879454374313354, 0.995908260345459, 1.0, 0.9959609508514404, 0.9751476645469666, 0.9414123296737671, 0.9339357018470764, 0.9137437343597412, 0.8567215204238892, 0.8218593597412109, 0.8031972646713257, 0.7306764721870422, 0.6751834154129028, 0.6664010286331177, 0.5678789019584656, 0.5216238498687744, 0.5204351544380188, 0.4992552697658539, 0.4911021590232849, 0.47310322523117065, 0.42583170533180237, 0.36230701208114624], [0.7404895424842834, 0.7530176639556885, 0.7582054734230042, 0.7610026001930237, 0.793559193611145, 0.7984325885772705, 0.8109958171844482, 0.8563008308410645, 0.8727697134017944, 0.8852353096008301, 0.9027003645896912, 0.900820255279541, 0.9034619927406311, 0.9456499218940735, 0.9654640555381775, 0.9762340188026428, 0.9802751541137695, 0.9830343723297119, 0.99327552318573, 0.9959609508514404, 1.0, 0.9863234162330627, 0.9579217433929443, 0.9490676522254944, 0.9312527179718018, 0.8751303553581238, 0.8386328816413879, 0.8197761178016663, 0.7499839663505554, 0.6957629323005676, 0.6863620281219482, 0.5883054137229919, 0.5403450727462769, 0.5389091372489929, 0.5166593194007874, 0.5079289674758911, 0.48846864700317383, 0.4383791387081146, 0.3761351704597473], [0.7576103210449219, 0.7682430744171143, 0.7730770111083984, 0.7746081948280334, 0.8057235479354858, 0.8080218434333801, 0.8181970715522766, 0.8564188480377197, 0.8655179142951965, 0.8680269122123718, 0.8753838539123535, 0.8710705041885376, 0.8723512887954712, 0.9387637376785278, 0.9565923810005188, 0.9573948383331299, 0.956473708152771, 0.954585075378418, 0.974250078201294, 0.9751476645469666, 0.9863234162330627, 1.0, 0.9825564026832581, 0.966750979423523, 0.9491915702819824, 0.9147542119026184, 0.8735343217849731, 0.8559538125991821, 0.7916020750999451, 0.7391191124916077, 0.7286292910575867, 0.640917956829071, 0.5887510180473328, 0.5872117280960083, 0.5622950792312622, 0.5525306463241577, 0.5305718183517456, 0.4742721617221832, 0.4123079776763916], [0.757496178150177, 0.7665796875953674, 0.7709065079689026, 0.7712680101394653, 0.8017153143882751, 0.8030804395675659, 0.812201738357544, 0.8449655771255493, 0.8488278985023499, 0.8407612442970276, 0.8331372141838074, 0.8286444544792175, 0.8302528858184814, 0.9173117876052856, 0.936065137386322, 0.9305880069732666, 0.9224860668182373, 0.9209096431732178, 0.9446747899055481, 0.9414123296737671, 0.9579217433929443, 0.9825564026832581, 1.0, 0.9784682393074036, 0.9693122506141663, 0.9418329000473022, 0.9016245603561401, 0.8806355595588684, 0.8393124341964722, 0.7944223880767822, 0.7856277823448181, 0.69810950756073, 0.6418542861938477, 0.6401513814926147, 0.612307071685791, 0.6007120609283447, 0.5747604370117188, 0.5169122219085693, 0.45320531725883484], [0.7147139310836792, 0.720673680305481, 0.7241019606590271, 0.723613977432251, 0.751459002494812, 0.749581515789032, 0.7565978765487671, 0.7984959483146667, 0.8071063160896301, 0.806013822555542, 0.8147841095924377, 0.8112138509750366, 0.813514232635498, 0.8883209824562073, 0.9126816987991333, 0.9154990911483765, 0.9101552367210388, 0.9100275039672852, 0.9305490255355835, 0.9339357018470764, 0.9490676522254944, 0.966750979423523, 0.9784682393074036, 1.0, 0.9935534000396729, 0.9593827724456787, 0.9415467977523804, 0.9239141941070557, 0.8806578516960144, 0.8358470797538757, 0.825115978717804, 0.7430506348609924, 0.6989977955818176, 0.6965270042419434, 0.6723412871360779, 0.6617168188095093, 0.6365899443626404, 0.573390007019043, 0.5104357600212097], [0.7028696537017822, 0.7080907225608826, 0.7110450267791748, 0.710556149482727, 0.7368594408035278, 0.734131395816803, 0.740251898765564, 0.7802237868309021, 0.787065327167511, 0.7830092310905457, 0.789077639579773, 0.7855572700500488, 0.7880900502204895, 0.8681254386901855, 0.8942466378211975, 0.8970837593078613, 0.8910477161407471, 0.8919909000396729, 0.9117050170898438, 0.9137437343597412, 0.9312527179718018, 0.9491915702819824, 0.9693122506141663, 0.9935534000396729, 1.0, 0.9652600288391113, 0.9506943821907043, 0.9332392811775208, 0.9005286693572998, 0.8609051704406738, 0.8513632416725159, 0.7694572806358337, 0.7269655466079712, 0.7241696715354919, 0.7001502513885498, 0.6895115375518799, 0.6638267636299133, 0.6023050546646118, 0.5399800539016724], [0.7113749980926514, 0.7155517339706421, 0.7181681990623474, 0.7173998355865479, 0.7397145628929138, 0.7347800731658936, 0.7370849847793579, 0.7685086727142334, 0.7695431113243103, 0.758867621421814, 0.7579591274261475, 0.7522088289260864, 0.7515029907226562, 0.8344545960426331, 0.8516530394554138, 0.8442500233650208, 0.8335356116294861, 0.8283986449241638, 0.8546167612075806, 0.8567215204238892, 0.8751303553581238, 0.9147542119026184, 0.9418329000473022, 0.9593827724456787, 0.9652600288391113, 1.0, 0.9809985160827637, 0.9693407416343689, 0.94602370262146, 0.9148662686347961, 0.9027079939842224, 0.8483207821846008, 0.805976927280426, 0.8016568422317505, 0.7808612585067749, 0.7697329521179199, 0.7464289665222168, 0.6838120222091675, 0.623397946357727], [0.6618146896362305, 0.6627042293548584, 0.6639394164085388, 0.6618417501449585, 0.680698573589325, 0.6737769842147827, 0.6746523380279541, 0.7118719220161438, 0.7160715460777283, 0.7087773084640503, 0.7161286473274231, 0.7127101421356201, 0.712517261505127, 0.7878444790840149, 0.8072230219841003, 0.8058541417121887, 0.7958815693855286, 0.7925866842269897, 0.8164639472961426, 0.8218593597412109, 0.8386328816413879, 0.8735343217849731, 0.9016245603561401, 0.9415467977523804, 0.9506943821907043, 0.9809985160827637, 1.0, 0.9910162687301636, 0.9725661873817444, 0.9461639523506165, 0.9353390336036682, 0.89070725440979, 0.8597991466522217, 0.8556144833564758, 0.8372453451156616, 0.8276678323745728, 0.8052021861076355, 0.7409124374389648, 0.6784741878509521], [0.6407430768013, 0.6419264078140259, 0.6432487964630127, 0.6413585543632507, 0.6597640514373779, 0.653479814529419, 0.6547262668609619, 0.6911959648132324, 0.6955759525299072, 0.689706027507782, 0.6984893679618835, 0.6951189637184143, 0.6948311924934387, 0.7685086131095886, 0.7876617312431335, 0.7861967086791992, 0.7773129940032959, 0.7735864520072937, 0.7972515225410461, 0.8031972646713257, 0.8197761178016663, 0.8559538125991821, 0.8806355595588684, 0.9239141941070557, 0.9332392811775208, 0.9693407416343689, 0.9910162687301636, 1.0, 0.9797785878181458, 0.957023024559021, 0.9440339207649231, 0.9047309756278992, 0.8775909543037415, 0.8730919361114502, 0.8568300604820251, 0.8480854630470276, 0.8269283771514893, 0.7601801156997681, 0.6997817158699036], [0.6182117462158203, 0.6178692579269409, 0.6183204650878906, 0.6159453392028809, 0.6307206153869629, 0.6225878596305847, 0.6214343309402466, 0.6509600281715393, 0.6500298976898193, 0.6352239847183228, 0.6323065161705017, 0.6285513639450073, 0.6279688477516174, 0.7102900743484497, 0.7278980612754822, 0.7229390740394592, 0.7083828449249268, 0.7053130269050598, 0.7287071943283081, 0.7306764721870422, 0.7499839663505554, 0.7916020750999451, 0.8393124341964722, 0.8806578516960144, 0.9005286693572998, 0.94602370262146, 0.9725661873817444, 0.9797785878181458, 1.0, 0.9877908825874329, 0.9788661599159241, 0.9475554823875427, 0.9217077493667603, 0.9170709252357483, 0.9012115597724915, 0.8920341730117798, 0.8716620802879333, 0.8098025321960449, 0.7498177886009216], [0.5882099866867065, 0.5875149369239807, 0.5876769423484802, 0.5852737426757812, 0.5977705121040344, 0.5901099443435669, 0.5882492065429688, 0.6133650541305542, 0.610155463218689, 0.5926681160926819, 0.5840668678283691, 0.5807628035545349, 0.5800988078117371, 0.6621543765068054, 0.6782028675079346, 0.671938419342041, 0.6563597917556763, 0.652964174747467, 0.6750044822692871, 0.6751834154129028, 0.6957629323005676, 0.7391191124916077, 0.7944223880767822, 0.8358470797538757, 0.8609051704406738, 0.9148662686347961, 0.9461639523506165, 0.957023024559021, 0.9877908825874329, 1.0, 0.9913498163223267, 0.967520534992218, 0.945215106010437, 0.9406419396400452, 0.9265555739402771, 0.9179487228393555, 0.8982436060905457, 0.8387548327445984, 0.7813909649848938], [0.585376501083374, 0.584351658821106, 0.5845414400100708, 0.5818586945533752, 0.5944045186042786, 0.5865945219993591, 0.5845488905906677, 0.6097314357757568, 0.6063827872276306, 0.5880808234214783, 0.577899158000946, 0.574539065361023, 0.5741469860076904, 0.6550119519233704, 0.670987069606781, 0.6645312905311584, 0.6488056182861328, 0.6455845832824707, 0.6669259071350098, 0.6664010286331177, 0.6863620281219482, 0.7286292910575867, 0.7856277823448181, 0.825115978717804, 0.8513632416725159, 0.9027079939842224, 0.9353390336036682, 0.9440339207649231, 0.9788661599159241, 0.9913498163223267, 1.0, 0.9770001769065857, 0.9557037949562073, 0.9514521360397339, 0.9373056292533875, 0.9288439750671387, 0.909437894821167, 0.8485434651374817, 0.7925012111663818], [0.5313924551010132, 0.5280225276947021, 0.5270138382911682, 0.5239041447639465, 0.5303886532783508, 0.5197993516921997, 0.5131670832633972, 0.5312333703041077, 0.5240450501441956, 0.5027309060096741, 0.49279025197029114, 0.48878926038742065, 0.48639190196990967, 0.5659170150756836, 0.5767921209335327, 0.5668501853942871, 0.549081563949585, 0.5425643920898438, 0.5663576126098633, 0.5678789019584656, 0.5883054137229919, 0.640917956829071, 0.69810950756073, 0.7430506348609924, 0.7694572806358337, 0.8483207821846008, 0.89070725440979, 0.9047309756278992, 0.9475554823875427, 0.967520534992218, 0.9770001769065857, 1.0, 0.9855304956436157, 0.9808176159858704, 0.9714876413345337, 0.9646831750869751, 0.9481077194213867, 0.8864627480506897, 0.835480272769928], [0.4769197106361389, 0.47143274545669556, 0.4695601761341095, 0.4660921096801758, 0.47055792808532715, 0.4582139551639557, 0.45050814747810364, 0.4703887701034546, 0.46490320563316345, 0.4469069838523865, 0.4454428255558014, 0.44158995151519775, 0.43919262290000916, 0.5098212957382202, 0.5219523310661316, 0.5154430270195007, 0.4998813569545746, 0.4946293234825134, 0.516518235206604, 0.5216238498687744, 0.5403450727462769, 0.5887510180473328, 0.6418542861938477, 0.6989977955818176, 0.7269655466079712, 0.805976927280426, 0.8597991466522217, 0.8775909543037415, 0.9217077493667603, 0.945215106010437, 0.9557037949562073, 0.9855304956436157, 1.0, 0.9948549866676331, 0.9887665510177612, 0.9835271239280701, 0.9688782691955566, 0.9095441699028015, 0.8615148067474365], [0.4798036217689514, 0.4740600883960724, 0.4721214473247528, 0.4685608148574829, 0.47253698110580444, 0.4600978493690491, 0.4520975649356842, 0.47146832942962646, 0.4659256339073181, 0.4477638304233551, 0.4459707736968994, 0.4423024654388428, 0.4398297369480133, 0.5097326636314392, 0.5213837027549744, 0.5151169300079346, 0.49939432740211487, 0.4938599467277527, 0.5154550671577454, 0.5204351544380188, 0.5389091372489929, 0.5872117280960083, 0.6401513814926147, 0.6965270042419434, 0.7241696715354919, 0.8016568422317505, 0.8556144833564758, 0.8730919361114502, 0.9170709252357483, 0.9406419396400452, 0.9514521360397339, 0.9808176159858704, 0.9948549866676331, 1.0, 0.9927656054496765, 0.9875511527061462, 0.9724236130714417, 0.9141733050346375, 0.8638187050819397], [0.4544600248336792, 0.44912147521972656, 0.446961373090744, 0.44375622272491455, 0.4473317861557007, 0.43523770570755005, 0.42706725001335144, 0.44659560918807983, 0.4419902265071869, 0.42599228024482727, 0.4266622066497803, 0.4230705499649048, 0.4205230176448822, 0.48487845063209534, 0.4966275990009308, 0.4920046031475067, 0.4776536524295807, 0.47263243794441223, 0.49311938881874084, 0.4992552697658539, 0.5166593194007874, 0.5622950792312622, 0.612307071685791, 0.6723412871360779, 0.7001502513885498, 0.7808612585067749, 0.8372453451156616, 0.8568300604820251, 0.9012115597724915, 0.9265555739402771, 0.9373056292533875, 0.9714876413345337, 0.9887665510177612, 0.9927656054496765, 1.0, 0.9950608611106873, 0.9815675020217896, 0.9237785935401917, 0.8777005672454834], [0.44232872128486633, 0.4368918538093567, 0.43459051847457886, 0.43161430954933167, 0.43517494201660156, 0.4228884279727936, 0.4145521819591522, 0.4342510402202606, 0.4301277995109558, 0.4149893522262573, 0.4174797832965851, 0.41378629207611084, 0.4112716019153595, 0.47439584136009216, 0.486526221036911, 0.48258069157600403, 0.46899494528770447, 0.4644041955471039, 0.48462021350860596, 0.4911021590232849, 0.5079289674758911, 0.5525306463241577, 0.6007120609283447, 0.6617168188095093, 0.6895115375518799, 0.7697329521179199, 0.8276678323745728, 0.8480854630470276, 0.8920341730117798, 0.9179487228393555, 0.9288439750671387, 0.9646831750869751, 0.9835271239280701, 0.9875511527061462, 0.9950608611106873, 1.0, 0.9872333407402039, 0.9321820139884949, 0.8865940570831299], [0.4293215572834015, 0.4239738881587982, 0.4213975667953491, 0.41883909702301025, 0.4211422801017761, 0.4086399972438812, 0.4000018835067749, 0.41921132802963257, 0.4152567386627197, 0.40126389265060425, 0.40548864006996155, 0.4019518196582794, 0.39915797114372253, 0.45642516016960144, 0.4674070477485657, 0.4641537368297577, 0.4512999653816223, 0.4464912712574005, 0.4659459590911865, 0.47310322523117065, 0.48846864700317383, 0.5305718183517456, 0.5747604370117188, 0.6365899443626404, 0.6638267636299133, 0.7464289665222168, 0.8052021861076355, 0.8269283771514893, 0.8716620802879333, 0.8982436060905457, 0.909437894821167, 0.9481077194213867, 0.9688782691955566, 0.9724236130714417, 0.9815675020217896, 0.9872333407402039, 1.0, 0.9478488564491272, 0.9023283123970032], [0.399128794670105, 0.3950956165790558, 0.39173582196235657, 0.39069193601608276, 0.3905414640903473, 0.3782174587249756, 0.3699628412723541, 0.384509801864624, 0.3805822730064392, 0.3672986626625061, 0.37130269408226013, 0.366621732711792, 0.36312609910964966, 0.4101174771785736, 0.41952651739120483, 0.4186389446258545, 0.40836596488952637, 0.4062581956386566, 0.4211323857307434, 0.42583170533180237, 0.4383791387081146, 0.4742721617221832, 0.5169122219085693, 0.573390007019043, 0.6023050546646118, 0.6838120222091675, 0.7409124374389648, 0.7601801156997681, 0.8098025321960449, 0.8387548327445984, 0.8485434651374817, 0.8864627480506897, 0.9095441699028015, 0.9141733050346375, 0.9237785935401917, 0.9321820139884949, 0.9478488564491272, 1.0, 0.921781599521637], [0.3366122841835022, 0.332111120223999, 0.32934051752090454, 0.32760947942733765, 0.3281979262828827, 0.3160352408885956, 0.3079822063446045, 0.32072684168815613, 0.3160308599472046, 0.30442148447036743, 0.3084230422973633, 0.3039150834083557, 0.3010055720806122, 0.3449994921684265, 0.3540893495082855, 0.35300347208976746, 0.34311404824256897, 0.3406672179698944, 0.35537996888160706, 0.36230701208114624, 0.3761351704597473, 0.4123079776763916, 0.45320531725883484, 0.5104357600212097, 0.5399800539016724, 0.623397946357727, 0.6784741878509521, 0.6997817158699036, 0.7498177886009216, 0.7813909649848938, 0.7925012111663818, 0.835480272769928, 0.8615148067474365, 0.8638187050819397, 0.8777005672454834, 0.8865940570831299, 0.9023283123970032, 0.921781599521637, 1.0]], "blockiness_full": 0.31731614017104903, "cuts_full": [26, 38], "blockiness_subsampled": 0.23488860093983244, "cuts_subsampled": [9, 10], "n_subsampled": 12, "inflation": -0.0824275392312166}