{"model": "Qwen/Qwen3.5-27B", "n_layers": 63, "d_model": 5120, "lens_n_prompts": 672, "cka_full": [[1.0, 0.9921009540557861, 0.9825901389122009, 0.9713297486305237, 0.9643455743789673, 0.9529310464859009, 0.9519969820976257, 0.952974796295166, 0.9514296650886536, 0.9480346441268921, 0.945428729057312, 0.9377630352973938, 0.9253168106079102, 0.8999947905540466, 0.8567603826522827, 0.7311360239982605, 0.7025837302207947, 0.662179708480835, 0.626130223274231, 0.5947131514549255, 0.5971630215644836, 0.6068539619445801, 0.6007207036018372, 0.5932183861732483, 0.6033061742782593, 0.601751983165741, 0.5980403423309326, 0.5930092334747314, 0.5910606980323792, 0.5904852151870728, 0.5845705270767212, 0.5819201469421387, 0.5843200087547302, 0.5831893086433411, 0.5790223479270935, 0.5790125727653503, 0.5751539468765259, 0.5712745189666748, 0.5666931867599487, 0.5596796870231628, 0.5493031740188599, 0.5326219797134399, 0.5315860509872437, 0.5267331600189209, 0.5303521752357483, 0.5303357839584351, 0.5351586937904358, 0.5393149852752686, 0.5522562265396118, 0.5613844394683838, 0.5395551323890686, 0.5498322248458862, 0.5406593084335327, 0.5223689079284668, 0.510075569152832, 0.5081599354743958, 0.49389582872390747, 0.49057185649871826, 0.48309823870658875, 0.4905283451080322, 0.5145043730735779, 0.5513635873794556, 0.6416829824447632], [0.9921009540557861, 1.0, 0.9948615431785583, 0.9784263372421265, 0.9713513851165771, 0.958758533000946, 0.9710798859596252, 0.9727147817611694, 0.9720391631126404, 0.9685271382331848, 0.9654003381729126, 0.9568947553634644, 0.9447515606880188, 0.9204349517822266, 0.8779629468917847, 0.752356231212616, 0.7192745804786682, 0.6743647456169128, 0.6587501168251038, 0.627755343914032, 0.6294743418693542, 0.6380062699317932, 0.6335383057594299, 0.626976728439331, 0.6350891590118408, 0.6335834860801697, 0.6295538544654846, 0.6249324083328247, 0.6230418086051941, 0.6230431199073792, 0.6167687773704529, 0.614467978477478, 0.6152046322822571, 0.6138891577720642, 0.6102092862129211, 0.6102064251899719, 0.6056907176971436, 0.601620614528656, 0.5969427824020386, 0.5895773768424988, 0.5786895155906677, 0.5607702732086182, 0.5594428777694702, 0.5543000102043152, 0.5581513047218323, 0.5580211281776428, 0.5631355047225952, 0.5673307180404663, 0.5803138017654419, 0.5891167521476746, 0.5639815926551819, 0.5740818977355957, 0.5635550618171692, 0.5434640049934387, 0.5300511717796326, 0.5277069807052612, 0.5118762850761414, 0.5080384016036987, 0.4997360408306122, 0.5070405602455139, 0.5316780805587769, 0.5702166557312012, 0.6638379693031311], [0.9825901389122009, 0.9948615431785583, 1.0, 0.9875883460044861, 0.9836724400520325, 0.9748625159263611, 0.9785640239715576, 0.9813767075538635, 0.9824956655502319, 0.9803175330162048, 0.9788616895675659, 0.9715922474861145, 0.9610924124717712, 0.9388207197189331, 0.8988819718360901, 0.775932252407074, 0.7456253170967102, 0.702783465385437, 0.6755601167678833, 0.6444427371025085, 0.6459686756134033, 0.6534656882286072, 0.6480410099029541, 0.6408914923667908, 0.6471295356750488, 0.6446056962013245, 0.6398136019706726, 0.6342811584472656, 0.6318050622940063, 0.6313929557800293, 0.6244156360626221, 0.6215378046035767, 0.6217595934867859, 0.6223381161689758, 0.617493748664856, 0.6174476146697998, 0.6126512289047241, 0.6083483695983887, 0.6034643054008484, 0.5958482027053833, 0.5845586061477661, 0.5660814046859741, 0.5645714402198792, 0.5592219233512878, 0.56276535987854, 0.5626257658004761, 0.5677884817123413, 0.5717393159866333, 0.5845539569854736, 0.5931941270828247, 0.5671123266220093, 0.5771470069885254, 0.5662397146224976, 0.545804500579834, 0.5322360396385193, 0.5297092199325562, 0.5136528611183167, 0.509699285030365, 0.5013812780380249, 0.5083590149879456, 0.5329062938690186, 0.5711594223976135, 0.6629368662834167], [0.9713297486305237, 0.9784263372421265, 0.9875883460044861, 1.0, 0.9988190531730652, 0.9936105608940125, 0.985500693321228, 0.985242486000061, 0.9823556542396545, 0.9806318283081055, 0.9767670035362244, 0.9690318703651428, 0.9555153250694275, 0.9285654425621033, 0.8820809721946716, 0.744627058506012, 0.7156594395637512, 0.6744319796562195, 0.6216907501220703, 0.5864487886428833, 0.5886651873588562, 0.6007564067840576, 0.5924335718154907, 0.5832829475402832, 0.5967656970024109, 0.5952911972999573, 0.5915019512176514, 0.5856228470802307, 0.5830764174461365, 0.5819061994552612, 0.577423632144928, 0.5748451352119446, 0.5779228806495667, 0.5758737325668335, 0.5704396367073059, 0.5698186755180359, 0.5660854578018188, 0.5621350407600403, 0.5569373965263367, 0.5496547222137451, 0.5391836762428284, 0.5239518284797668, 0.5227141380310059, 0.5178685188293457, 0.5209146738052368, 0.5209731459617615, 0.5254766345024109, 0.5299452543258667, 0.5427473187446594, 0.5525057911872864, 0.5317015051841736, 0.5416992902755737, 0.5325541496276855, 0.5147017240524292, 0.5024884343147278, 0.500264585018158, 0.4864245653152466, 0.48311561346054077, 0.47572463750839233, 0.4825761318206787, 0.5065065622329712, 0.5429676175117493, 0.6336946487426758], [0.9643455743789673, 0.9713513851165771, 0.9836724400520325, 0.9988190531730652, 1.0, 0.9975957274436951, 0.9814664125442505, 0.9820684194564819, 0.9801847338676453, 0.9794114828109741, 0.976689875125885, 0.9700313210487366, 0.9576691389083862, 0.9320119023323059, 0.8873280882835388, 0.7528548836708069, 0.7265638113021851, 0.6877260804176331, 0.6240227818489075, 0.5886868238449097, 0.5913090109825134, 0.603177547454834, 0.5938564538955688, 0.584086537361145, 0.5971713662147522, 0.5951535105705261, 0.5911557078361511, 0.5846295952796936, 0.5817767977714539, 0.580094039440155, 0.5754093527793884, 0.5724802017211914, 0.5754442811012268, 0.5739259719848633, 0.5676203966140747, 0.5668662190437317, 0.5632431507110596, 0.5591710209846497, 0.5537747740745544, 0.5464158058166504, 0.535803496837616, 0.5206410884857178, 0.5192484259605408, 0.5143974423408508, 0.5172277688980103, 0.5171893835067749, 0.5213475227355957, 0.5256211161613464, 0.5381049513816833, 0.5474956631660461, 0.5274209976196289, 0.5373262763023376, 0.5283047556877136, 0.5107439160346985, 0.4987461566925049, 0.49652138352394104, 0.48287418484687805, 0.47964900732040405, 0.4724719822406769, 0.4790096879005432, 0.5025432109832764, 0.538083553314209, 0.6262472867965698], [0.9529310464859009, 0.958758533000946, 0.9748625159263611, 0.9936105608940125, 0.9975957274436951, 1.0, 0.9725465774536133, 0.974604070186615, 0.9744018912315369, 0.9749313592910767, 0.9736753702163696, 0.9686259031295776, 0.9580308198928833, 0.9345166087150574, 0.8927553296089172, 0.763633668422699, 0.7411342859268188, 0.7056065797805786, 0.6265571117401123, 0.5913222432136536, 0.5942328572273254, 0.6050813794136047, 0.5944266319274902, 0.5838041305541992, 0.5957610011100769, 0.5927611589431763, 0.5884043574333191, 0.580845296382904, 0.5775473713874817, 0.5751375555992126, 0.5702202916145325, 0.5667387843132019, 0.5691454410552979, 0.5684274435043335, 0.5608013272285461, 0.5599287152290344, 0.5563395023345947, 0.5521433353424072, 0.5465770363807678, 0.5392406582832336, 0.5285714864730835, 0.5135864615440369, 0.5119038224220276, 0.5071408152580261, 0.509593665599823, 0.5094255208969116, 0.5129396319389343, 0.5167665481567383, 0.5284771919250488, 0.5368027091026306, 0.5178125500679016, 0.527514636516571, 0.5186654329299927, 0.5014755725860596, 0.48992544412612915, 0.48775336146354675, 0.47423791885375977, 0.47115638852119446, 0.46437257528305054, 0.47038793563842773, 0.4929560124874115, 0.5265032052993774, 0.6089745163917542], [0.9519969820976257, 0.9710798859596252, 0.9785640239715576, 0.985500693321228, 0.9814664125442505, 0.9725465774536133, 1.0, 0.9985058307647705, 0.9934057593345642, 0.9886237382888794, 0.9796404838562012, 0.9671577215194702, 0.9510276317596436, 0.9210123419761658, 0.8704296946525574, 0.725155770778656, 0.6844789981842041, 0.6318191885948181, 0.6252790093421936, 0.5909271836280823, 0.5921806693077087, 0.5995133519172668, 0.595971405506134, 0.5888844132423401, 0.5958301424980164, 0.5941231846809387, 0.5899766087532043, 0.585052490234375, 0.5833206176757812, 0.5830177068710327, 0.5780971050262451, 0.5766736268997192, 0.5758392214775085, 0.57220858335495, 0.5693842768669128, 0.5686618685722351, 0.5644769668579102, 0.560716986656189, 0.5559977889060974, 0.5491317510604858, 0.5391613841056824, 0.5237065553665161, 0.5222739577293396, 0.5176692605018616, 0.5206769108772278, 0.520338773727417, 0.5244501233100891, 0.5287032723426819, 0.540943443775177, 0.5491724610328674, 0.5276597142219543, 0.5364471077919006, 0.5267244577407837, 0.5080528855323792, 0.49535688757896423, 0.4927537739276886, 0.47772887349128723, 0.4740499258041382, 0.46630924940109253, 0.47354182600975037, 0.49688199162483215, 0.533471405506134, 0.6233008503913879], [0.952974796295166, 0.9727147817611694, 0.9813767075538635, 0.985242486000061, 0.9820684194564819, 0.974604070186615, 0.9985058307647705, 1.0, 0.997904896736145, 0.9947018623352051, 0.9876692891120911, 0.9774879813194275, 0.9641456604003906, 0.9383038282394409, 0.8930940628051758, 0.7583079934120178, 0.7193459868431091, 0.6681959629058838, 0.661227285861969, 0.6281252503395081, 0.6291148066520691, 0.6355164051055908, 0.6318047642707825, 0.6246538758277893, 0.6297509074211121, 0.6271815896034241, 0.6223886013031006, 0.6169026494026184, 0.6147158145904541, 0.6141049265861511, 0.6086944341659546, 0.6069498658180237, 0.6047381162643433, 0.6021044254302979, 0.5981237888336182, 0.5972729921340942, 0.592634916305542, 0.5886258482933044, 0.5836113691329956, 0.5763576626777649, 0.5657682418823242, 0.5494949817657471, 0.5475042462348938, 0.5427185297012329, 0.5455489754676819, 0.5449930429458618, 0.5488592386245728, 0.5528001189231873, 0.5643720626831055, 0.5715368986129761, 0.5478957295417786, 0.5564374923706055, 0.5455752611160278, 0.5256977677345276, 0.5123799443244934, 0.5094366073608398, 0.4931616485118866, 0.48914608359336853, 0.48108747601509094, 0.48763811588287354, 0.5105392932891846, 0.5463739037513733, 0.6328422427177429], [0.9514296650886536, 0.9720391631126404, 0.9824956655502319, 0.9823556542396545, 0.9801847338676453, 0.9744018912315369, 0.9934057593345642, 0.997904896736145, 1.0, 0.998887300491333, 0.9948483109474182, 0.9875826239585876, 0.977578341960907, 0.956613302230835, 0.9178460836410522, 0.7956812977790833, 0.7591416239738464, 0.7103174328804016, 0.702654242515564, 0.6711415648460388, 0.6718839406967163, 0.6778218150138855, 0.673828125, 0.6666144132614136, 0.6700880527496338, 0.6666571497917175, 0.6612765789031982, 0.6552481055259705, 0.6525600552558899, 0.651648223400116, 0.6457173824310303, 0.6435762047767639, 0.6403141617774963, 0.6392189860343933, 0.6341713666915894, 0.6332271695137024, 0.6281325817108154, 0.6238378286361694, 0.6184926629066467, 0.6107679009437561, 0.599435031414032, 0.5821788311004639, 0.5796611905097961, 0.5746801495552063, 0.5774070024490356, 0.576649010181427, 0.5803149938583374, 0.583829939365387, 0.5946168899536133, 0.6003222465515137, 0.5735738277435303, 0.5817791223526001, 0.5694934725761414, 0.54792320728302, 0.5337365865707397, 0.5304006934165955, 0.51241135597229, 0.5079480409622192, 0.49939683079719543, 0.5052081346511841, 0.5277247428894043, 0.5628219246864319, 0.6451781392097473], [0.9480346441268921, 0.9685271382331848, 0.9803175330162048, 0.9806318283081055, 0.9794114828109741, 0.9749313592910767, 0.9886237382888794, 0.9947018623352051, 0.998887300491333, 1.0, 0.998059093952179, 0.9932430386543274, 0.9853712320327759, 0.9675948023796082, 0.9327291250228882, 0.817809522151947, 0.7830421924591064, 0.7361513376235962, 0.7250770330429077, 0.6940991282463074, 0.6943971514701843, 0.7012308835983276, 0.6964734196662903, 0.688937783241272, 0.6932517290115356, 0.689693033695221, 0.684041440486908, 0.6777381300926208, 0.6746717095375061, 0.6736299991607666, 0.6680236458778381, 0.6656511425971985, 0.6625752449035645, 0.6623587608337402, 0.6566018462181091, 0.6556326746940613, 0.6501473188400269, 0.645700991153717, 0.640214741230011, 0.6322587728500366, 0.6205750107765198, 0.6031261086463928, 0.6002969741821289, 0.5952501893043518, 0.5978701114654541, 0.5970503687858582, 0.6005993485450745, 0.6037482023239136, 0.6138224005699158, 0.6183868050575256, 0.5895712971687317, 0.5975529551506042, 0.58433598279953, 0.5616667866706848, 0.5469460487365723, 0.5433309674263, 0.5241965651512146, 0.519447386264801, 0.5105469822883606, 0.5157637000083923, 0.5378395915031433, 0.5722417831420898, 0.6521178483963013], [0.945428729057312, 0.9654003381729126, 0.9788616895675659, 0.9767670035362244, 0.976689875125885, 0.9736753702163696, 0.9796404838562012, 0.9876692891120911, 0.9948483109474182, 0.998059093952179, 1.0, 0.9981271028518677, 0.993232011795044, 0.9794856905937195, 0.9498324990272522, 0.8450358510017395, 0.8135576844215393, 0.7701857089996338, 0.7539417743682861, 0.7240844368934631, 0.7241964340209961, 0.7312784790992737, 0.7256255745887756, 0.7178122997283936, 0.722709059715271, 0.7187827229499817, 0.7128351330757141, 0.7061821222305298, 0.7027162909507751, 0.7015193700790405, 0.6955140233039856, 0.6926159858703613, 0.6898424625396729, 0.6913862228393555, 0.6847720146179199, 0.683934211730957, 0.6780788898468018, 0.6734157204627991, 0.6678576469421387, 0.6596711874008179, 0.6474659442901611, 0.6290334463119507, 0.6259328126907349, 0.6206666827201843, 0.6232993602752686, 0.6225019693374634, 0.6261172294616699, 0.6288964152336121, 0.6382855176925659, 0.6416622400283813, 0.610441267490387, 0.618287980556488, 0.6040164232254028, 0.5800662040710449, 0.5646727085113525, 0.5608097910881042, 0.5404580235481262, 0.5354096293449402, 0.5261040329933167, 0.5308818221092224, 0.5528594851493835, 0.5868127942085266, 0.6643605828285217], [0.9377630352973938, 0.9568947553634644, 0.9715922474861145, 0.9690318703651428, 0.9700313210487366, 0.9686259031295776, 0.9671577215194702, 0.9774879813194275, 0.9875826239585876, 0.9932430386543274, 0.9981271028518677, 1.0, 0.9980247616767883, 0.9887747764587402, 0.9647266268730164, 0.870937168598175, 0.8424456715583801, 0.8023713231086731, 0.7814836502075195, 0.7524471879005432, 0.7520689964294434, 0.7602224349975586, 0.7532991170883179, 0.7450178265571594, 0.7523186206817627, 0.7482411861419678, 0.7420752048492432, 0.7350403666496277, 0.7311056852340698, 0.7296339273452759, 0.7240923643112183, 0.7208508849143982, 0.718444287776947, 0.7209372520446777, 0.7133980989456177, 0.7125464677810669, 0.7063316106796265, 0.7015044689178467, 0.695737898349762, 0.6872733235359192, 0.6745917201042175, 0.6557865142822266, 0.6521619558334351, 0.6468538641929626, 0.6494119167327881, 0.6485986113548279, 0.6519771218299866, 0.6544449329376221, 0.6628354787826538, 0.6647238731384277, 0.6315279006958008, 0.6391152143478394, 0.623707115650177, 0.5984104871749878, 0.5823627710342407, 0.578181803226471, 0.5563972592353821, 0.5510542392730713, 0.5413852334022522, 0.5453786253929138, 0.5667756795883179, 0.5995339155197144, 0.6733164191246033], [0.9253168106079102, 0.9447515606880188, 0.9610924124717712, 0.9555153250694275, 0.9576691389083862, 0.9580308198928833, 0.9510276317596436, 0.9641456604003906, 0.977578341960907, 0.9853712320327759, 0.993232011795044, 0.9980247616767883, 1.0, 0.9959335923194885, 0.9785975813865662, 0.8981472253799438, 0.8726649284362793, 0.8354050517082214, 0.8132560849189758, 0.7862180471420288, 0.7853628396987915, 0.7920927405357361, 0.7850844264030457, 0.7769030332565308, 0.781804084777832, 0.7768148183822632, 0.7698671817779541, 0.762368381023407, 0.7580709457397461, 0.7563650012016296, 0.7501475811004639, 0.7464101910591125, 0.7429787516593933, 0.7471325993537903, 0.7383926510810852, 0.7377215623855591, 0.7308249473571777, 0.7257817983627319, 0.7200720310211182, 0.7114716172218323, 0.6983731985092163, 0.6785123944282532, 0.6743961572647095, 0.66889888048172, 0.6714028716087341, 0.6704357862472534, 0.6735867261886597, 0.6753487586975098, 0.6826521158218384, 0.682748019695282, 0.6471717357635498, 0.6544992327690125, 0.637904703617096, 0.6113923192024231, 0.5948501825332642, 0.5904231667518616, 0.5672826170921326, 0.5616461038589478, 0.5516663789749146, 0.5549682378768921, 0.5756884813308716, 0.6073740124702454, 0.6767545938491821], [0.8999947905540466, 0.9204349517822266, 0.9388207197189331, 0.9285654425621033, 0.9320119023323059, 0.9345166087150574, 0.9210123419761658, 0.9383038282394409, 0.956613302230835, 0.9675948023796082, 0.9794856905937195, 0.9887747764587402, 0.9959335923194885, 1.0, 0.9929776787757874, 0.9332075715065002, 0.910886824131012, 0.8772591352462769, 0.8557402491569519, 0.8317066431045532, 0.8293687105178833, 0.8347105979919434, 0.8274297714233398, 0.8193618655204773, 0.8223022222518921, 0.8162639737129211, 0.808188796043396, 0.8000843524932861, 0.7948963046073914, 0.7931748032569885, 0.7866579294204712, 0.7824954390525818, 0.777492880821228, 0.7844457030296326, 0.7741479277610779, 0.7734824419021606, 0.7655821442604065, 0.7602242231369019, 0.754334568977356, 0.7453176975250244, 0.7314492464065552, 0.71059650182724, 0.705793023109436, 0.7000390291213989, 0.7021520137786865, 0.7011085152626038, 0.7042827010154724, 0.7054429650306702, 0.7113580703735352, 0.7095677256584167, 0.6697032451629639, 0.6764840483665466, 0.6579718589782715, 0.6295396089553833, 0.6120838522911072, 0.607148289680481, 0.5820799469947815, 0.5758821368217468, 0.5653590559959412, 0.5674653053283691, 0.5869817137718201, 0.6170097589492798, 0.6795439124107361], [0.8567603826522827, 0.8779629468917847, 0.8988819718360901, 0.8820809721946716, 0.8873280882835388, 0.8927553296089172, 0.8704296946525574, 0.8930940628051758, 0.9178460836410522, 0.9327291250228882, 0.9498324990272522, 0.9647266268730164, 0.9785975813865662, 0.9929776787757874, 1.0, 0.9687255620956421, 0.9506540894508362, 0.9222937822341919, 0.9009674191474915, 0.8812850713729858, 0.8772924542427063, 0.8804967403411865, 0.8730263710021973, 0.8651620745658875, 0.8646058440208435, 0.8570406436920166, 0.8474527597427368, 0.8385022282600403, 0.8321027755737305, 0.8302274942398071, 0.8231042623519897, 0.8183730840682983, 0.8110049366950989, 0.8220454454421997, 0.8099122047424316, 0.8091381192207336, 0.8002444505691528, 0.7945106029510498, 0.7883383631706238, 0.7788213491439819, 0.7640830874443054, 0.7422211766242981, 0.7366127371788025, 0.7305899262428284, 0.7320675253868103, 0.7309239506721497, 0.7339919805526733, 0.734333872795105, 0.7384661436080933, 0.734341025352478, 0.6898303031921387, 0.6957400441169739, 0.6750462055206299, 0.6446745991706848, 0.6263036131858826, 0.6207884550094604, 0.5937033891677856, 0.5868861079216003, 0.5758712291717529, 0.5763302445411682, 0.5940805673599243, 0.6214354038238525, 0.6734399795532227], [0.7311360239982605, 0.752356231212616, 0.775932252407074, 0.744627058506012, 0.7528548836708069, 0.763633668422699, 0.725155770778656, 0.7583079934120178, 0.7956812977790833, 0.817809522151947, 0.8450358510017395, 0.870937168598175, 0.8981472253799438, 0.9332075715065002, 0.9687255620956421, 1.0, 0.991540253162384, 0.975534200668335, 0.9578365683555603, 0.94820636510849, 0.9421078562736511, 0.9417360424995422, 0.934456467628479, 0.9275321960449219, 0.9201446175575256, 0.910057783126831, 0.8984864950180054, 0.8884344100952148, 0.8802408576011658, 0.8778592348098755, 0.8698161840438843, 0.8642638921737671, 0.8522241711616516, 0.8692144155502319, 0.8536061644554138, 0.8525038957595825, 0.8421887159347534, 0.8359359502792358, 0.8293107748031616, 0.8190811276435852, 0.8031523823738098, 0.7800889015197754, 0.7728033065795898, 0.7665820717811584, 0.7669700384140015, 0.7653239369392395, 0.7674883008003235, 0.7660457491874695, 0.7658591270446777, 0.7564841508865356, 0.7042061686515808, 0.7079557776451111, 0.683570146560669, 0.6502914428710938, 0.630752682685852, 0.6242552995681763, 0.5938879251480103, 0.5860639214515686, 0.5744609832763672, 0.5714302659034729, 0.5847011804580688, 0.6049792170524597, 0.632564902305603], [0.7025837302207947, 0.7192745804786682, 0.7456253170967102, 0.7156594395637512, 0.7265638113021851, 0.7411342859268188, 0.6844789981842041, 0.7193459868431091, 0.7591416239738464, 0.7830421924591064, 0.8135576844215393, 0.8424456715583801, 0.8726649284362793, 0.910886824131012, 0.9506540894508362, 0.991540253162384, 1.0, 0.9948328137397766, 0.9559102058410645, 0.9474361538887024, 0.945658802986145, 0.9452771544456482, 0.9359118342399597, 0.9284253120422363, 0.9185440540313721, 0.9073944091796875, 0.8970475196838379, 0.8864104151725769, 0.8796703815460205, 0.8756675124168396, 0.8655163049697876, 0.8582121133804321, 0.8498907089233398, 0.8681886196136475, 0.8529307842254639, 0.852803647518158, 0.8440195918083191, 0.8381770253181458, 0.8321534991264343, 0.8225672841072083, 0.8069928288459778, 0.783476710319519, 0.7762700915336609, 0.7704966068267822, 0.771887481212616, 0.7698233127593994, 0.771035373210907, 0.7683550119400024, 0.7672819495201111, 0.7550943493843079, 0.705138087272644, 0.7086067199707031, 0.6848129630088806, 0.6516166925430298, 0.6325128078460693, 0.6260906457901001, 0.5952838063240051, 0.5877386927604675, 0.5764012932777405, 0.5723586678504944, 0.5845848321914673, 0.6021295189857483, 0.6233364343643188], [0.662179708480835, 0.6743647456169128, 0.702783465385437, 0.6744319796562195, 0.6877260804176331, 0.7056065797805786, 0.6318191885948181, 0.6681959629058838, 0.7103174328804016, 0.7361513376235962, 0.7701857089996338, 0.8023713231086731, 0.8354050517082214, 0.8772591352462769, 0.9222937822341919, 0.975534200668335, 0.9948328137397766, 1.0, 0.9417281746864319, 0.9344512224197388, 0.9352170825004578, 0.9363988637924194, 0.9248421788215637, 0.9165583848953247, 0.9081541895866394, 0.8966039419174194, 0.8871733546257019, 0.8760079145431519, 0.8696708679199219, 0.8644195795059204, 0.853760302066803, 0.8455125689506531, 0.8396404981613159, 0.8589426279067993, 0.8433718681335449, 0.8434922099113464, 0.835999608039856, 0.8304536938667297, 0.824515163898468, 0.8151882886886597, 0.7997640371322632, 0.7766627669334412, 0.7693971991539001, 0.7638636827468872, 0.7652064561843872, 0.7631235122680664, 0.7635741829872131, 0.76044762134552, 0.7584941387176514, 0.7451540231704712, 0.6973466873168945, 0.7004480361938477, 0.6770066618919373, 0.6444416642189026, 0.6258191466331482, 0.6194077730178833, 0.5890029668807983, 0.5817049145698547, 0.5708028078079224, 0.5657389163970947, 0.5767332911491394, 0.5912593007087708, 0.6053856015205383], [0.626130223274231, 0.6587501168251038, 0.6755601167678833, 0.6216907501220703, 0.6240227818489075, 0.6265571117401123, 0.6252790093421936, 0.661227285861969, 0.702654242515564, 0.7250770330429077, 0.7539417743682861, 0.7814836502075195, 0.8132560849189758, 0.8557402491569519, 0.9009674191474915, 0.9578365683555603, 0.9559102058410645, 0.9417281746864319, 1.0, 0.9980269074440002, 0.9959086179733276, 0.9912237524986267, 0.9893612861633301, 0.9869548678398132, 0.9699885845184326, 0.9598070979118347, 0.9501660466194153, 0.9428902864456177, 0.9386903643608093, 0.9363017082214355, 0.9251035451889038, 0.9190335869789124, 0.9081770181655884, 0.9256842136383057, 0.9167029857635498, 0.9177662134170532, 0.9085652232170105, 0.9035573601722717, 0.8993329405784607, 0.8906285166740417, 0.8757347464561462, 0.8500521183013916, 0.8421447277069092, 0.8365828990936279, 0.8389543890953064, 0.836403489112854, 0.8370856642723083, 0.8329222798347473, 0.828809916973114, 0.8104602098464966, 0.7531949281692505, 0.7541661858558655, 0.7265400886535645, 0.6885020732879639, 0.6668057441711426, 0.6590390801429749, 0.6229372024536133, 0.6140472292900085, 0.6007863879203796, 0.5958871841430664, 0.6065236926078796, 0.6228634715080261, 0.6390395760536194], [0.5947131514549255, 0.627755343914032, 0.6444427371025085, 0.5864487886428833, 0.5886868238449097, 0.5913222432136536, 0.5909271836280823, 0.6281252503395081, 0.6711415648460388, 0.6940991282463074, 0.7240844368934631, 0.7524471879005432, 0.7862180471420288, 0.8317066431045532, 0.8812850713729858, 0.94820636510849, 0.9474361538887024, 0.9344512224197388, 0.9980269074440002, 1.0, 0.9972276091575623, 0.9905670285224915, 0.9905989170074463, 0.9893795847892761, 0.9681493043899536, 0.9575651288032532, 0.9475167393684387, 0.9407888054847717, 0.9366744160652161, 0.9346326589584351, 0.9228611588478088, 0.9169633388519287, 0.9044176936149597, 0.922495424747467, 0.9126449823379517, 0.9140301942825317, 0.9042932391166687, 0.8992767333984375, 0.8952826261520386, 0.8865187764167786, 0.8715294599533081, 0.8450137972831726, 0.8369033932685852, 0.8312986493110657, 0.8339117169380188, 0.8311988115310669, 0.8318644165992737, 0.8270511031150818, 0.8222417235374451, 0.8025881052017212, 0.7423914670944214, 0.7431320548057556, 0.7147467732429504, 0.6760258078575134, 0.6540396809577942, 0.6463568806648254, 0.6096925735473633, 0.6005669832229614, 0.5871362090110779, 0.5819491744041443, 0.5920163989067078, 0.6078665852546692, 0.6211658716201782], [0.5971630215644836, 0.6294743418693542, 0.6459686756134033, 0.5886651873588562, 0.5913090109825134, 0.5942328572273254, 0.5921806693077087, 0.6291148066520691, 0.6718839406967163, 0.6943971514701843, 0.7241964340209961, 0.7520689964294434, 0.7853628396987915, 0.8293687105178833, 0.8772924542427063, 0.9421078562736511, 0.945658802986145, 0.9352170825004578, 0.9959086179733276, 0.9972276091575623, 1.0, 0.9940387606620789, 0.9940788149833679, 0.9926728010177612, 0.9692120552062988, 0.958550751209259, 0.9501971006393433, 0.9434868693351746, 0.9411606192588806, 0.9376882314682007, 0.9245323538780212, 0.9178352355957031, 0.9074512720108032, 0.9235142469406128, 0.915541410446167, 0.9172164797782898, 0.9096119999885559, 0.9049866795539856, 0.9012499451637268, 0.892947793006897, 0.8784025311470032, 0.8520205616950989, 0.8440722227096558, 0.838827908039093, 0.8420661091804504, 0.8386386632919312, 0.8377934694290161, 0.832060694694519, 0.8264922499656677, 0.8047505617141724, 0.7476294636726379, 0.7480387687683105, 0.7202911972999573, 0.6816995143890381, 0.6598964929580688, 0.6522588133811951, 0.6154318451881409, 0.6065470576286316, 0.5932875275611877, 0.5878471732139587, 0.5978430509567261, 0.6126049160957336, 0.625365674495697], [0.6068539619445801, 0.6380062699317932, 0.6534656882286072, 0.6007564067840576, 0.603177547454834, 0.6050813794136047, 0.5995133519172668, 0.6355164051055908, 0.6778218150138855, 0.7012308835983276, 0.7312784790992737, 0.7602224349975586, 0.7920927405357361, 0.8347105979919434, 0.8804967403411865, 0.9417360424995422, 0.9452771544456482, 0.9363988637924194, 0.9912237524986267, 0.9905670285224915, 0.9940387606620789, 1.0, 0.9980890154838562, 0.9962117075920105, 0.9862194657325745, 0.9790656566619873, 0.9733282327651978, 0.9680296182632446, 0.9657813310623169, 0.9627599120140076, 0.952806830406189, 0.9470822215080261, 0.9395986795425415, 0.9512314200401306, 0.9425992965698242, 0.9429795742034912, 0.9360206723213196, 0.9314540028572083, 0.9266489744186401, 0.9176074862480164, 0.9026662111282349, 0.877907395362854, 0.8698635697364807, 0.8645575642585754, 0.867682695388794, 0.8639927506446838, 0.8631365895271301, 0.8587498068809509, 0.85369873046875, 0.8336003422737122, 0.7746962308883667, 0.7745193839073181, 0.7461372017860413, 0.7069201469421387, 0.6837818622589111, 0.6754841208457947, 0.6385903358459473, 0.6292464137077332, 0.6154177188873291, 0.6097769737243652, 0.6205781698226929, 0.6360292434692383, 0.651909589767456], [0.6007207036018372, 0.6335383057594299, 0.6480410099029541, 0.5924335718154907, 0.5938564538955688, 0.5944266319274902, 0.595971405506134, 0.6318047642707825, 0.673828125, 0.6964734196662903, 0.7256255745887756, 0.7532991170883179, 0.7850844264030457, 0.8274297714233398, 0.8730263710021973, 0.934456467628479, 0.9359118342399597, 0.9248421788215637, 0.9893612861633301, 0.9905989170074463, 0.9940788149833679, 0.9980890154838562, 1.0, 0.9994116425514221, 0.9844232201576233, 0.9771374464035034, 0.9711815118789673, 0.9666458964347839, 0.9648829102516174, 0.9621469974517822, 0.9515382647514343, 0.9461244940757751, 0.9370927810668945, 0.9482311010360718, 0.939701497554779, 0.9403728246688843, 0.933245062828064, 0.9288465976715088, 0.924518346786499, 0.9157694578170776, 0.9011905789375305, 0.8759629130363464, 0.8679231405258179, 0.8625550866127014, 0.8658866286277771, 0.8618817329406738, 0.8607641458511353, 0.8556519150733948, 0.8502546548843384, 0.829056978225708, 0.7686578035354614, 0.7680727243423462, 0.7393016219139099, 0.6997039318084717, 0.6764302253723145, 0.6681130528450012, 0.6309165954589844, 0.6214229464530945, 0.6074470281600952, 0.6019148826599121, 0.6127182245254517, 0.6284791827201843, 0.6448642611503601], [0.5932183861732483, 0.626976728439331, 0.6408914923667908, 0.5832829475402832, 0.584086537361145, 0.5838041305541992, 0.5888844132423401, 0.6246538758277893, 0.6666144132614136, 0.688937783241272, 0.7178122997283936, 0.7450178265571594, 0.7769030332565308, 0.8193618655204773, 0.8651620745658875, 0.9275321960449219, 0.9284253120422363, 0.9165583848953247, 0.9869548678398132, 0.9893795847892761, 0.9926728010177612, 0.9962117075920105, 0.9994116425514221, 1.0, 0.9834805130958557, 0.9764764308929443, 0.9705144166946411, 0.9666069746017456, 0.9650766849517822, 0.9625626802444458, 0.9516471028327942, 0.9464071989059448, 0.9366873502731323, 0.947167158126831, 0.9384133219718933, 0.939257800579071, 0.9319008588790894, 0.9276601672172546, 0.9237317442893982, 0.9153552055358887, 0.9012560248374939, 0.8756597638130188, 0.8675507307052612, 0.8620617389678955, 0.8655193448066711, 0.8612633943557739, 0.8599770069122314, 0.8544418215751648, 0.848720908164978, 0.827095091342926, 0.7658932209014893, 0.7649276852607727, 0.7359116077423096, 0.6962422728538513, 0.6728353500366211, 0.6644392013549805, 0.6272247433662415, 0.6176835298538208, 0.6036645174026489, 0.5982893705368042, 0.609216034412384, 0.6251108646392822, 0.6420055031776428], [0.6033061742782593, 0.6350891590118408, 0.6471295356750488, 0.5967656970024109, 0.5971713662147522, 0.5957610011100769, 0.5958301424980164, 0.6297509074211121, 0.6700880527496338, 0.6932517290115356, 0.722709059715271, 0.7523186206817627, 0.781804084777832, 0.8223022222518921, 0.8646058440208435, 0.9201446175575256, 0.9185440540313721, 0.9081541895866394, 0.9699885845184326, 0.9681493043899536, 0.9692120552062988, 0.9862194657325745, 0.9844232201576233, 0.9834805130958557, 1.0, 0.9987230896949768, 0.9962403178215027, 0.9937851428985596, 0.9912596344947815, 0.9897896647453308, 0.9855253100395203, 0.982378363609314, 0.9765402674674988, 0.9776314496994019, 0.9663571715354919, 0.9650073647499084, 0.9573937058448792, 0.9531174302101135, 0.9473795890808105, 0.938287079334259, 0.9240666031837463, 0.9007391929626465, 0.8918222188949585, 0.8859930634498596, 0.8883730173110962, 0.884507954120636, 0.8836150169372559, 0.8818508386611938, 0.8772051930427551, 0.8610378503799438, 0.800739586353302, 0.7988476753234863, 0.7694132328033447, 0.730057954788208, 0.7049899697303772, 0.6957786083221436, 0.6596661806106567, 0.6498539447784424, 0.6354444026947021, 0.6307324171066284, 0.6429628729820251, 0.6598239541053772, 0.683087170124054], [0.601751983165741, 0.6335834860801697, 0.6446056962013245, 0.5952911972999573, 0.5951535105705261, 0.5927611589431763, 0.5941231846809387, 0.6271815896034241, 0.6666571497917175, 0.689693033695221, 0.7187827229499817, 0.7482411861419678, 0.7768148183822632, 0.8162639737129211, 0.8570406436920166, 0.910057783126831, 0.9073944091796875, 0.8966039419174194, 0.9598070979118347, 0.9575651288032532, 0.958550751209259, 0.9790656566619873, 0.9771374464035034, 0.9764764308929443, 0.9987230896949768, 1.0, 0.9987970590591431, 0.997393786907196, 0.995123028755188, 0.9941778779029846, 0.9914326071739197, 0.9888679385185242, 0.9839459657669067, 0.9821251034736633, 0.9705271124839783, 0.9686493277549744, 0.9609413743019104, 0.9567863345146179, 0.950966477394104, 0.942163348197937, 0.9284608960151672, 0.9059274792671204, 0.896939754486084, 0.8909236192703247, 0.8931640982627869, 0.8890141248703003, 0.8880210518836975, 0.886711597442627, 0.8818950653076172, 0.8664348721504211, 0.8058679699897766, 0.8030269742012024, 0.7735331058502197, 0.7343497276306152, 0.7087976932525635, 0.6993709206581116, 0.6635518074035645, 0.6536319255828857, 0.639065146446228, 0.6346195936203003, 0.6472130417823792, 0.6644412875175476, 0.6898422837257385], [0.5980403423309326, 0.6295538544654846, 0.6398136019706726, 0.5915019512176514, 0.5911557078361511, 0.5884043574333191, 0.5899766087532043, 0.6223886013031006, 0.6612765789031982, 0.684041440486908, 0.7128351330757141, 0.7420752048492432, 0.7698671817779541, 0.808188796043396, 0.8474527597427368, 0.8984864950180054, 0.8970475196838379, 0.8871733546257019, 0.9501660466194153, 0.9475167393684387, 0.9501971006393433, 0.9733282327651978, 0.9711815118789673, 0.9705144166946411, 0.9962403178215027, 0.9987970590591431, 1.0, 0.9992725849151611, 0.997931182384491, 0.9969736337661743, 0.9948446154594421, 0.9924501776695251, 0.9890449047088623, 0.9846736192703247, 0.9735777974128723, 0.9716204404830933, 0.9646868705749512, 0.9607330560684204, 0.954907238483429, 0.9463821649551392, 0.9329803586006165, 0.9111115336418152, 0.9022163152694702, 0.8963980078697205, 0.899014949798584, 0.8945504426956177, 0.8930702805519104, 0.8918280005455017, 0.8865640759468079, 0.8702921867370605, 0.8102051019668579, 0.8067276477813721, 0.777178168296814, 0.7378989458084106, 0.7120218873023987, 0.702548623085022, 0.6665105819702148, 0.6565478444099426, 0.6418651342391968, 0.6373911499977112, 0.6498278975486755, 0.6666713356971741, 0.6922229528427124], [0.5930092334747314, 0.6249324083328247, 0.6342811584472656, 0.5856228470802307, 0.5846295952796936, 0.580845296382904, 0.585052490234375, 0.6169026494026184, 0.6552481055259705, 0.6777381300926208, 0.7061821222305298, 0.7350403666496277, 0.762368381023407, 0.8000843524932861, 0.8385022282600403, 0.8884344100952148, 0.8864104151725769, 0.8760079145431519, 0.9428902864456177, 0.9407888054847717, 0.9434868693351746, 0.9680296182632446, 0.9666458964347839, 0.9666069746017456, 0.9937851428985596, 0.997393786907196, 0.9992725849151611, 1.0, 0.9991097450256348, 0.9985593557357788, 0.9969057440757751, 0.9950002431869507, 0.991834282875061, 0.9853951334953308, 0.973809540271759, 0.9719314575195312, 0.9648438096046448, 0.9608955383300781, 0.955203652381897, 0.9467496275901794, 0.9333744645118713, 0.911166250705719, 0.9021922945976257, 0.8964218497276306, 0.8995030522346497, 0.8948695063591003, 0.8932927846908569, 0.8919252157211304, 0.8864560723304749, 0.869620680809021, 0.8081346750259399, 0.8045739531517029, 0.7749424576759338, 0.7353824973106384, 0.7092862725257874, 0.699887752532959, 0.6638004183769226, 0.6537538170814514, 0.6388632655143738, 0.6346036791801453, 0.647438108921051, 0.664905846118927, 0.692356526851654], [0.5910606980323792, 0.6230418086051941, 0.6318050622940063, 0.5830764174461365, 0.5817767977714539, 0.5775473713874817, 0.5833206176757812, 0.6147158145904541, 0.6525600552558899, 0.6746717095375061, 0.7027162909507751, 0.7311056852340698, 0.7580709457397461, 0.7948963046073914, 0.8321027755737305, 0.8802408576011658, 0.8796703815460205, 0.8696708679199219, 0.9386903643608093, 0.9366744160652161, 0.9411606192588806, 0.9657813310623169, 0.9648829102516174, 0.9650766849517822, 0.9912596344947815, 0.995123028755188, 0.997931182384491, 0.9991097450256348, 1.0, 0.9992350339889526, 0.9971753358840942, 0.9950567483901978, 0.9930709600448608, 0.9855878949165344, 0.9748995900154114, 0.9735047817230225, 0.966955304145813, 0.9632225036621094, 0.9579498171806335, 0.949767529964447, 0.9366812705993652, 0.9142565131187439, 0.9053585529327393, 0.8998902440071106, 0.9037068486213684, 0.8988910913467407, 0.8967633247375488, 0.8947908282279968, 0.8886913657188416, 0.8700401186943054, 0.8090507984161377, 0.8056144714355469, 0.7759935259819031, 0.7361096143722534, 0.7100693583488464, 0.7007779479026794, 0.6641239523887634, 0.654142439365387, 0.6391862034797668, 0.6348768472671509, 0.6475775241851807, 0.6646243929862976, 0.692203938961029], [0.5904852151870728, 0.6230431199073792, 0.6313929557800293, 0.5819061994552612, 0.580094039440155, 0.5751375555992126, 0.5830177068710327, 0.6141049265861511, 0.651648223400116, 0.6736299991607666, 0.7015193700790405, 0.7296339273452759, 0.7563650012016296, 0.7931748032569885, 0.8302274942398071, 0.8778592348098755, 0.8756675124168396, 0.8644195795059204, 0.9363017082214355, 0.9346326589584351, 0.9376882314682007, 0.9627599120140076, 0.9621469974517822, 0.9625626802444458, 0.9897896647453308, 0.9941778779029846, 0.9969736337661743, 0.9985593557357788, 0.9992350339889526, 1.0, 0.9984083771705627, 0.9967251420021057, 0.994269073009491, 0.9873806834220886, 0.97640061378479, 0.9749075174331665, 0.9676799774169922, 0.9637432098388672, 0.9583031535148621, 0.9498300552368164, 0.9363889098167419, 0.9138634204864502, 0.9052317142486572, 0.899668276309967, 0.9034438133239746, 0.8989019989967346, 0.8976857662200928, 0.8960575461387634, 0.8907383680343628, 0.8728843927383423, 0.8096600770950317, 0.8064194321632385, 0.7766319513320923, 0.736306369304657, 0.7099090218544006, 0.7005937695503235, 0.6638045310974121, 0.6535663604736328, 0.6382654309272766, 0.6342605948448181, 0.6473212242126465, 0.66545170545578, 0.6950349807739258], [0.5845705270767212, 0.6167687773704529, 0.6244156360626221, 0.577423632144928, 0.5754093527793884, 0.5702202916145325, 0.5780971050262451, 0.6086944341659546, 0.6457173824310303, 0.6680236458778381, 0.6955140233039856, 0.7240923643112183, 0.7501475811004639, 0.7866579294204712, 0.8231042623519897, 0.8698161840438843, 0.8655163049697876, 0.853760302066803, 0.9251035451889038, 0.9228611588478088, 0.9245323538780212, 0.952806830406189, 0.9515382647514343, 0.9516471028327942, 0.9855253100395203, 0.9914326071739197, 0.9948446154594421, 0.9969057440757751, 0.9971753358840942, 0.9984083771705627, 1.0, 0.9992967247962952, 0.997048020362854, 0.9869672656059265, 0.9751030802726746, 0.9728841781616211, 0.9650198221206665, 0.9610088467597961, 0.9549533128738403, 0.9460720419883728, 0.932468056678772, 0.9110373258590698, 0.902083158493042, 0.8964589238166809, 0.8999032378196716, 0.8953671455383301, 0.8943123817443848, 0.8936578035354614, 0.8885160684585571, 0.871924638748169, 0.8084421157836914, 0.8050991892814636, 0.7752290368080139, 0.7351726293563843, 0.7085905075073242, 0.6991211771965027, 0.6627020835876465, 0.6523615121841431, 0.6369666457176208, 0.6329250931739807, 0.6458839774131775, 0.6640791893005371, 0.6942377686500549], [0.5819201469421387, 0.614467978477478, 0.6215378046035767, 0.5748451352119446, 0.5724802017211914, 0.5667387843132019, 0.5766736268997192, 0.6069498658180237, 0.6435762047767639, 0.6656511425971985, 0.6926159858703613, 0.7208508849143982, 0.7464101910591125, 0.7824954390525818, 0.8183730840682983, 0.8642638921737671, 0.8582121133804321, 0.8455125689506531, 0.9190335869789124, 0.9169633388519287, 0.9178352355957031, 0.9470822215080261, 0.9461244940757751, 0.9464071989059448, 0.982378363609314, 0.9888679385185242, 0.9924501776695251, 0.9950002431869507, 0.9950567483901978, 0.9967251420021057, 0.9992967247962952, 1.0, 0.9970310926437378, 0.9851352572441101, 0.9723770618438721, 0.9696083664894104, 0.9613059163093567, 0.9571311473846436, 0.9505245685577393, 0.941231369972229, 0.9271674752235413, 0.9060676693916321, 0.8970251083374023, 0.8914206027984619, 0.8946873545646667, 0.8901910781860352, 0.8893358111381531, 0.8894574642181396, 0.8850755095481873, 0.870036244392395, 0.8058198690414429, 0.8025305867195129, 0.7726925611495972, 0.73280930519104, 0.7060105800628662, 0.6965306997299194, 0.6605499982833862, 0.6500828266143799, 0.6345838308334351, 0.6307022571563721, 0.6439501643180847, 0.6628133058547974, 0.6941154599189758], [0.5843200087547302, 0.6152046322822571, 0.6217595934867859, 0.5779228806495667, 0.5754442811012268, 0.5691454410552979, 0.5758392214775085, 0.6047381162643433, 0.6403141617774963, 0.6625752449035645, 0.6898424625396729, 0.718444287776