{"model": "Qwen/Qwen3-4B", "n_layers": 35, "d_model": 2560, "lens_n_prompts": 479, "cka_full": [[1.0, 0.9993818402290344, 0.9987949132919312, 0.9839051365852356, 0.939498245716095, 0.9368306398391724, 0.9257522821426392, 0.9139935374259949, 0.8834934234619141, 0.8796555399894714, 0.8784909844398499, 0.8809285759925842, 0.8386799097061157, 0.83233243227005, 0.8231019973754883, 0.8200770616531372, 0.8234298229217529, 0.8362942934036255, 0.8313400745391846, 0.8282302021980286, 0.824492335319519, 0.8179537057876587, 0.8339523077011108, 0.8422707915306091, 0.8389966487884521, 0.8347981572151184, 0.8359551429748535, 0.815128743648529, 0.8141793608665466, 0.812681257724762, 0.8020757436752319, 0.7991597652435303, 0.777005136013031, 0.7675967216491699, 0.7513647079467773], [0.9993818402290344, 1.0, 0.9996011853218079, 0.985545814037323, 0.9427234530448914, 0.9402689337730408, 0.9296387434005737, 0.918251097202301, 0.8883676528930664, 0.8847815990447998, 0.8837917447090149, 0.8859884738922119, 0.844855785369873, 0.8385632038116455, 0.8294543623924255, 0.8264575600624084, 0.8298492431640625, 0.8421981334686279, 0.8374945521354675, 0.8342801332473755, 0.8305799961090088, 0.8241536021232605, 0.8390719294548035, 0.8464708924293518, 0.8427829146385193, 0.8381930589675903, 0.8392902612686157, 0.8191662430763245, 0.8179746866226196, 0.8165331482887268, 0.8058237433433533, 0.8028805255889893, 0.7814521193504333, 0.771388590335846, 0.7565584182739258], [0.9987949132919312, 0.9996011853218079, 1.0, 0.9852553009986877, 0.9420017004013062, 0.939595639705658, 0.9289982914924622, 0.9176993370056152, 0.8878673911094666, 0.8842228055000305, 0.8829843997955322, 0.8851343393325806, 0.8434354066848755, 0.8371023535728455, 0.8278281092643738, 0.8249503374099731, 0.8283141255378723, 0.8408488035202026, 0.8360739946365356, 0.8326517343521118, 0.8289448618888855, 0.8223323822021484, 0.8373427987098694, 0.844640851020813, 0.8410994410514832, 0.8365190029144287, 0.8375948071479797, 0.8175148963928223, 0.816382884979248, 0.814935564994812, 0.8042428493499756, 0.8011819124221802, 0.7792989015579224, 0.7694491744041443, 0.7545592188835144], [0.9839051365852356, 0.985545814037323, 0.9852553009986877, 1.0, 0.9788069725036621, 0.9759799242019653, 0.9653204083442688, 0.955299973487854, 0.9335870742797852, 0.930000901222229, 0.9287893772125244, 0.9296295046806335, 0.8988243341445923, 0.8934910297393799, 0.8853210210800171, 0.8817683458328247, 0.8846186995506287, 0.8953734636306763, 0.8922942876815796, 0.8906469941139221, 0.8873008489608765, 0.8823422193527222, 0.8958056569099426, 0.9013564586639404, 0.8969576954841614, 0.8914592266082764, 0.8914847373962402, 0.8748651742935181, 0.8719505667686462, 0.8702498078346252, 0.859147846698761, 0.8573341965675354, 0.8385908007621765, 0.8246444463729858, 0.8115487694740295], [0.939498245716095, 0.9427234530448914, 0.9420017004013062, 0.9788069725036621, 1.0, 0.9989437460899353, 0.9942017197608948, 0.9887794256210327, 0.9793187975883484, 0.9773213863372803, 0.9766252040863037, 0.9759302735328674, 0.9599552750587463, 0.9564208984375, 0.950495719909668, 0.9473171234130859, 0.9491894245147705, 0.9563109278678894, 0.9549044370651245, 0.9541246891021729, 0.9517859220504761, 0.9486351013183594, 0.9554634690284729, 0.9540561437606812, 0.9478633403778076, 0.9404035210609436, 0.9385404586791992, 0.9282330870628357, 0.9228644371032715, 0.9209579825401306, 0.9086871147155762, 0.9077181816101074, 0.8938150405883789, 0.8739269375801086, 0.8719784617424011], [0.9368306398391724, 0.9402689337730408, 0.939595639705658, 0.9759799242019653, 0.9989437460899353, 1.0, 0.9972530603408813, 0.9933465719223022, 0.9847801923751831, 0.9827326536178589, 0.9812330007553101, 0.9805527925491333, 0.9653364419937134, 0.9621128439903259, 0.9564586281776428, 0.953607976436615, 0.9548084139823914, 0.961683452129364, 0.9600486159324646, 0.9589995741844177, 0.956821084022522, 0.9536330103874207, 0.9589357376098633, 0.9558883905410767, 0.9492685794830322, 0.9415528178215027, 0.9394189715385437, 0.9301063418388367, 0.9245150089263916, 0.9227082133293152, 0.9099611639976501, 0.908756673336029, 0.8952063918113708, 0.8750512599945068, 0.8757110238075256], [0.9257522821426392, 0.9296387434005737, 0.9289982914924622, 0.9653204083442688, 0.9942017197608948, 0.9972530603408813, 1.0, 0.998742938041687, 0.9928382039070129, 0.9912254214286804, 0.9892287850379944, 0.9887501001358032, 0.975908100605011, 0.9734172821044922, 0.9687175154685974, 0.9666144847869873, 0.9669731855392456, 0.9730589985847473, 0.9711024165153503, 0.9694732427597046, 0.967727541923523, 0.9646996259689331, 0.9666337370872498, 0.9597635865211487, 0.9526172876358032, 0.9441810846328735, 0.9413976073265076, 0.9340214729309082, 0.927825391292572, 0.9259713888168335, 0.9121981859207153, 0.9106844067573547, 0.8977431058883667, 0.8765299320220947, 0.8838196396827698], [0.9139935374259949, 0.918251097202301, 0.9176993370056152, 0.955299973487854, 0.9887794256210327, 0.9933465719223022, 0.998742938041687, 1.0, 0.9966725707054138, 0.9952511787414551, 0.9924542903900146, 0.9918047189712524, 0.9812904000282288, 0.9793212413787842, 0.9751506447792053, 0.9735823273658752, 0.9730843901634216, 0.9781742095947266, 0.9763237833976746, 0.974348247051239, 0.9729196429252625, 0.97003573179245, 0.9692280292510986, 0.9594228267669678, 0.951697051525116, 0.9427078366279602, 0.9394993185997009, 0.9342329502105713, 0.9277235865592957, 0.9259859919548035, 0.911833643913269, 0.9101668000221252, 0.8983950018882751, 0.8762528896331787, 0.8880839943885803], [0.8834934234619141, 0.8883676528930664, 0.8878673911094666, 0.9335870742797852, 0.9793187975883484, 0.9847801923751831, 0.9928382039070129, 0.9966725707054138, 1.0, 0.9993659257888794, 0.9965183138847351, 0.9953731894493103, 0.9909386038780212, 0.9897815585136414, 0.9867015480995178, 0.9857215285301208, 0.984515368938446, 0.9876461029052734, 0.9862992167472839, 0.9842609167098999, 0.9834349751472473, 0.9810848236083984, 0.9768064022064209, 0.9628791213035583, 0.9544374942779541, 0.9448109269142151, 0.9404902458190918, 0.938993513584137, 0.9317111372947693, 0.929889976978302, 0.9158235192298889, 0.9144628643989563, 0.9051154851913452, 0.8808775544166565, 0.8980544209480286], [0.8796555399894714, 0.8847815990447998, 0.8842228055000305, 0.930000901222229, 0.9773213863372803, 0.9827326536178589, 0.9912254214286804, 0.9952511787414551, 0.9993659257888794, 1.0, 0.9985287189483643, 0.997607409954071, 0.9938728213310242, 0.9927697777748108, 0.9901177883148193, 0.9894149899482727, 0.988679826259613, 0.9910909533500671, 0.9897840023040771, 0.9876184463500977, 0.9869660139083862, 0.9846984148025513, 0.9795573949813843, 0.9645039439201355, 0.9557673931121826, 0.9462243318557739, 0.9416850805282593, 0.9405575394630432, 0.9332425594329834, 0.93141108751297, 0.9175755381584167, 0.9162633419036865, 0.907659113407135, 0.8828074336051941, 0.901327908039093], [0.8784909844398499, 0.8837917447090149, 0.8829843997955322, 0.9287893772125244, 0.9766252040863037, 0.9812330007553101, 0.9892287850379944, 0.9924542903900146, 0.9965183138847351, 0.9985287189483643, 1.0, 0.9994325637817383, 0.9957134127616882, 0.9945164322853088, 0.9922842383384705, 0.9915306568145752, 0.9919907450675964, 0.9940478205680847, 0.9929119944572449, 0.9910585284233093, 0.9903964996337891, 0.9883273243904114, 0.9836655259132385, 0.9688685536384583, 0.9598103165626526, 0.950817883014679, 0.9462612271308899, 0.9444321990013123, 0.9371349215507507, 0.935204267501831, 0.9215954542160034, 0.9204378128051758, 0.9124569892883301, 0.8869413733482361, 0.9049366116523743], [0.8809285759925842, 0.8859884738922119, 0.8851343393325806, 0.9296295046806335, 0.9759302735328674, 0.9805527925491333, 0.9887501001358032, 0.9918047189712524, 0.9953731894493103, 0.997607409954071, 0.9994325637817383, 1.0, 0.9947202205657959, 0.9935322999954224, 0.9915611147880554, 0.9909363985061646, 0.9914425015449524, 0.9936570525169373, 0.9920702576637268, 0.9902074337005615, 0.9895337224006653, 0.9873647093772888, 0.9831961989402771, 0.9687714576721191, 0.9596792459487915, 0.9511484503746033, 0.9465611577033997, 0.9435831308364868, 0.9364234805107117, 0.9343978762626648, 0.9208186864852905, 0.9197031259536743, 0.9113232493400574, 0.8857871294021606, 0.9030106067657471], [0.8386799097061157, 0.844855785369873, 0.8434354066848755, 0.8988243341445923, 0.9599552750587463, 0.9653364419937134, 0.975908100605011, 0.9812904000282288, 0.9909386038780212, 0.9938728213310242, 0.9957134127616882, 0.9947202205657959, 1.0, 0.9997766613960266, 0.9990912079811096, 0.9985379576683044, 0.9983513355255127, 0.9980989694595337, 0.9978544116020203, 0.9967167973518372, 0.9966849088668823, 0.9957947134971619, 0.9875226020812988, 0.9692453742027283, 0.9590506553649902, 0.9490730166435242, 0.9437228441238403, 0.9459505081176758, 0.9375575184822083, 0.9357300996780396, 0.9222909808158875, 0.9216676354408264, 0.9175848960876465, 0.8890881538391113, 0.9126648306846619], [0.83233243227005, 0.8385632038116455, 0.8371023535728455, 0.8934910297393799, 0.9564208984375, 0.9621128439903259, 0.9734172821044922, 0.9793212413787842, 0.9897815585136414, 0.9927697777748108, 0.9945164322853088, 0.9935322999954224, 0.9997766613960266, 1.0, 0.9996013641357422, 0.999164342880249, 0.9987883567810059, 0.998328447341919, 0.9981412291526794, 0.9970231652259827, 0.9970981478691101, 0.9963511228561401, 0.9874090552330017, 0.9684392213821411, 0.9581944346427917, 0.9481208324432373, 0.9426336288452148, 0.9453811049461365, 0.936786949634552, 0.9349543452262878, 0.9213414788246155, 0.9207457900047302, 0.917034387588501, 0.8882097005844116, 0.9130644202232361], [0.8231019973754883, 0.8294543623924255, 0.8278281092643738, 0.8853210210800171, 0.950495719909668, 0.9564586281776428, 0.9687175154685974, 0.9751506447792053, 0.9867015480995178, 0.9901177883148193, 0.9922842383384705, 0.9915611147880554, 0.9990912079811096, 0.9996013641357422, 1.0, 0.999748945236206, 0.9992916584014893, 0.9983035922050476, 0.9980165958404541, 0.9969086647033691, 0.9971621632575989, 0.996687114238739, 0.986518383026123, 0.966284453868866, 0.9558384418487549, 0.9456562399864197, 0.9399111866950989, 0.9431792497634888, 0.9343407154083252, 0.932522714138031, 0.9188700914382935, 0.9184646606445312, 0.9154879450798035, 0.8858376741409302, 0.9122762680053711], [0.8200770616531372, 0.8264575600624084, 0.8249503374099731, 0.8817683458328247, 0.9473171234130859, 0.953607976436615, 0.9666144847869873, 0.9735823273658752, 0.9857215285301208, 0.9894149899482727, 0.9915306568145752, 0.9909363985061646, 0.9985379576683044, 0.999164342880249, 0.999748945236206, 1.0, 0.9993903040885925, 0.9980908632278442, 0.9976093173027039, 0.9961338043212891, 0.9965447783470154, 0.9959713220596313, 0.9849544167518616, 0.9635633230209351, 0.9530704021453857, 0.9428201913833618, 0.9368614554405212, 0.9406291246414185, 0.9318292140960693, 0.9300510287284851, 0.9163476824760437, 0.9158764481544495, 0.9129536747932434, 0.8830862641334534, 0.9106605648994446], [0.8234298229217529, 0.8298492431640625, 0.8283141255378723, 0.8846186995506287, 0.9491894245147705, 0.9548084139823914, 0.9669731855392456, 0.9730843901634216, 0.984515368938446, 0.988679826259613, 0.9919907450675964, 0.9914425015449524, 0.9983513355255127, 0.9987883567810059, 0.9992916584014893, 0.9993903040885925, 1.0, 0.9988893866539001, 0.9986574053764343, 0.9972953200340271, 0.9975489377975464, 0.9970110654830933, 0.9871818423271179, 0.9667299389839172, 0.9563928246498108, 0.9465500116348267, 0.9406993985176086, 0.9438517093658447, 0.9352202415466309, 0.9333978295326233, 0.9199579954147339, 0.9195067882537842, 0.9162613749504089, 0.8866848349571228, 0.9129278063774109], [0.8362942934036255, 0.8421981334686279, 0.8408488035202026, 0.8953734636306763, 0.9563109278678894, 0.961683452129364, 0.9730589985847473, 0.9781742095947266, 0.9876461029052734, 0.9910909533500671, 0.9940478205680847, 0.9936570525169373, 0.9980989694595337, 0.998328447341919, 0.9983035922050476, 0.9980908632278442, 0.9988893866539001, 1.0, 0.9993614554405212, 0.9982967972755432, 0.998248815536499, 0.997366189956665, 0.9905285835266113, 0.9727451205253601, 0.963223397731781, 0.9539082050323486, 0.948428750038147, 0.9498748779296875, 0.941467821598053, 0.9395226240158081, 0.9258310794830322, 0.9252133369445801, 0.9199711084365845, 0.8919591903686523, 0.91476970911026], [0.8313400745391846, 0.8374945521354675, 0.8360739946365356, 0.8922942876815796, 0.9549044370651245, 0.9600486159324646, 0.9711024165153503, 0.9763237833976746, 0.9862992167472839, 0.9897840023040771, 0.9929119944572449, 0.9920702576637268, 0.9978544116020203, 0.9981412291526794, 0.9980165958404541, 0.9976093173027039, 0.9986574053764343, 0.9993614554405212, 1.0, 0.9991987943649292, 0.9990378022193909, 0.998439371585846, 0.9916523694992065, 0.9742432236671448, 0.9645397663116455, 0.9550382494926453, 0.9497857689857483, 0.9519733786582947, 0.9435416460037231, 0.9416677951812744, 0.9281295537948608, 0.9275422692298889, 0.922979474067688, 0.8950555324554443, 0.9184053540229797], [0.8282302021980286, 0.8342801332473755, 0.8326517343521118, 0.8906469941139221, 0.9541246891021729, 0.9589995741844177, 0.9694732427597046, 0.974348247051239, 0.9842609167098999, 0.9876184463500977, 0.9910585284233093, 0.9902074337005615, 0.9967167973518372, 0.9970231652259827, 0.9969086647033691, 0.9961338043212891, 0.9972953200340271, 0.9982967972755432, 0.9991987943649292, 1.0, 0.9997807741165161, 0.9993646740913391, 0.9944722056388855, 0.9790880680084229, 0.9697040319442749, 0.960781455039978, 0.9556679725646973, 0.9575937390327454, 0.9492935538291931, 0.9473289251327515, 0.93398517370224, 0.9333875179290771, 0.9290307760238647, 0.9015508890151978, 0.9225158095359802], [0.824492335319519, 0.8305799961090088, 0.8289448618888855, 0.8873008489608765, 0.9517859220504761, 0.956821084022522, 0.967727541923523, 0.9729196429252625, 0.9834349751472473, 0.9869660139083862, 0.9903964996337891, 0.9895337224006653, 0.9966849088668823, 0.9970981478691101, 0.9971621632575989, 0.9965447783470154, 0.9975489377975464, 0.998248815536499, 0.9990378022193909, 0.9997807741165161, 1.0, 0.9995602369308472, 0.9942744374275208, 0.9783529043197632, 0.9691713452339172, 0.9602273106575012, 0.9549733400344849, 0.9574493169784546, 0.9491249322891235, 0.9471411108970642, 0.9338418841362, 0.9332572817802429, 0.9290998578071594, 0.9015473127365112, 0.9231657385826111], [0.8179537057876587, 0.8241536021232605, 0.8223323822021484, 0.8823422193527222, 0.9486351013183594, 0.9536330103874207, 0.9646996259689331, 0.97003573179245, 0.9810848236083984, 0.9846984148025513, 0.9883273243904114, 0.9873647093772888, 0.9957947134971619, 0.9963511228561401, 0.996687114238739, 0.9959713220596313, 0.9970110654830933, 0.997366189956665, 0.998439371585846, 0.9993646740913391, 0.9995602369308472, 1.0, 0.9940768480300903, 0.9780210256576538, 0.9688361287117004, 0.9598269462585449, 0.9546689987182617, 0.9573022723197937, 0.9487669467926025, 0.9467960000038147, 0.9334467053413391, 0.9330448508262634, 0.9295132756233215, 0.9014341831207275, 0.9232130646705627], [0.8339523077011108, 0.8390719294548035, 0.8373427987098694, 0.8958056569099426, 0.9554634690284729, 0.9589357376098633, 0.9666337370872498, 0.9692280292510986, 0.9768064022064209, 0.9795573949813843, 0.9836655259132385, 0.9831961989402771, 0.9875226020812988, 0.9874090552330017, 0.986518383026123, 0.9849544167518616, 0.9871818423271179, 0.9905285835266113, 0.9916523694992065, 0.9944722056388855, 0.9942744374275208, 0.9940768480300903, 1.0, 0.9932416081428528, 0.9871776700019836, 0.981019139289856, 0.9767504334449768, 0.976908266544342, 0.9700198173522949, 0.9676844477653503, 0.9558730721473694, 0.9549450874328613, 0.9483156800270081, 0.9249281287193298, 0.9340461492538452], [0.8422707915306091, 0.8464708924293518, 0.844640851020813, 0.9013564586639404, 0.9540561437606812, 0.9558883905410767, 0.9597635865211487, 0.9594228267669678, 0.9628791213035583, 0.9645039439201355, 0.9688685536384583, 0.9687714576721191, 0.9692453742027283, 0.9684392213821411, 0.966284453868866, 0.9635633230209351, 0.9667299389839172, 0.9727451205253601, 0.9742432236671448, 0.9790880680084229, 0.9783529043197632, 0.9780210256576538, 0.9932416081428528, 1.0, 0.9964402914047241, 0.9928455948829651, 0.9903045296669006, 0.9871107339859009, 0.9819573760032654, 0.979418933391571, 0.9687393307685852, 0.9674414396286011, 0.9586922526359558, 0.9405665397644043, 0.9366629719734192], [0.8389966487884521, 0.8427829146385193, 0.8410994410514832, 0.8969576954841614, 0.9478633403778076, 0.9492685794830322, 0.9526172876358032, 0.951697051525116, 0.9544374942779541, 0.9557673931121826, 0.9598103165626526, 0.9596792459487915, 0.9590506553649902, 0.9581944346427917, 0.9558384418487549, 0.9530704021453857, 0.9563928246498108, 0.963223397731781, 0.9645397663116455, 0.9697040319442749, 0.9691713452339172, 0.9688361287117004, 0.9871776700019836, 0.9964402914047241, 1.0, 0.9975100755691528, 0.9955773949623108, 0.9922251105308533, 0.9880590438842773, 0.9857585430145264, 0.9766086935997009, 0.9752290844917297, 0.9651159644126892, 0.9502149820327759, 0.9406093955039978], [0.8347981572151184, 0.8381930589675903, 0.8365190029144287, 0.8914592266082764, 0.9404035210609436, 0.9415528178215027, 0.9441810846328735, 0.9427078366279602, 0.9448109269142151, 0.9462243318557739, 0.950817883014679, 0.9511484503746033, 0.9490730166435242, 0.9481208324432373, 0.9456562399864197, 0.9428201913833618, 0.9465500116348267, 0.9539082050323486, 0.9550382494926453, 0.960781455039978, 0.9602273106575012, 0.9598269462585449, 0.981019139289856, 0.9928455948829651, 0.9975100755691528, 1.0, 0.9982202053070068, 0.9939390420913696, 0.9909371137619019, 0.9885446429252625, 0.9808282852172852, 0.9791519641876221, 0.9685505628585815, 0.9556243419647217, 0.9408434629440308], [0.8359551429748535, 0.8392902612686157, 0.8375948071479797, 0.8914847373962402, 0.9385404586791992, 0.9394189715385437, 0.9413976073265076, 0.9394993185997009, 0.9404902458190918, 0.9416850805282593, 0.9462612271308899, 0.9465611577033997, 0.9437228441238403, 0.9426336288452148, 0.9399111866950989, 0.9368614554405212, 0.9406993985176086, 0.948428750038147, 0.9497857689857483, 0.9556679725646973, 0.9549733400344849, 0.9546689987182617, 0.9767504334449768, 0.9903045296669006, 0.9955773949623108, 0.9982202053070068, 1.0, 0.9946197867393494, 0.9920340180397034, 0.9899012446403503, 0.9827663898468018, 0.9811241626739502, 0.9703336358070374, 0.9587113857269287, 0.9418290853500366], [0.815128743648529, 0.8191662430763245, 0.8175148963928223, 0.8748651742935181, 0.9282330870628357, 0.9301063418388367, 0.9340214729309082, 0.9342329502105713, 0.938993513584137, 0.9405575394630432, 0.9444321990013123, 0.9435831308364868, 0.9459505081176758, 0.9453811049461365, 0.9431792497634888, 0.9406291246414185, 0.9438517093658447, 0.9498748779296875, 0.9519733786582947, 0.9575937390327454, 0.9574493169784546, 0.9573022723197937, 0.976908266544342, 0.9871107339859009, 0.9922251105308533, 0.9939390420913696, 0.9946197867393494, 1.0, 0.9975041747093201, 0.9956554770469666, 0.9898846745491028, 0.9881466627120972, 0.980549693107605, 0.9687511920928955, 0.9548771381378174], [0.8141793608665466, 0.8179746866226196, 0.816382884979248, 0.8719505667686462, 0.9228644371032715, 0.9245150089263916, 0.927825391292572, 0.9277235865592957, 0.9317111372947693, 0.9332425594329834, 0.9371349215507507, 0.9364234805107117, 0.9375575184822083, 0.936786949634552, 0.9343407154083252, 0.9318292140960693, 0.9352202415466309, 0.941467821598053, 0.9435416460037231, 0.9492935538291931, 0.9491249322891235, 0.9487669467926025, 0.9700198173522949, 0.9819573760032654, 0.9880590438842773, 0.9909371137619019, 0.9920340180397034, 0.9975041747093201, 1.0, 0.9980801939964294, 0.9935988187789917, 0.9915552735328674, 0.9840427041053772, 0.9741728901863098, 0.956325888633728], [0.812681257724762, 0.8165331482887268, 0.814935564994812, 0.8702498078346252, 0.9209579825401306, 0.9227082133293152, 0.9259713888168335, 0.9259859919548035, 0.929889976978302, 0.93141108751297, 0.935204267501831, 0.9343978762626648, 0.9357300996780396, 0.9349543452262878, 0.932522714138031, 0.9300510287284851, 0.9333978295326233, 0.9395226240158081, 0.9416677951812744, 0.9473289251327515, 0.9471411108970642, 0.9467960000038147, 0.9676844477653503, 0.979418933391571, 0.9857585430145264, 0.9885446429252625, 0.9899012446403503, 0.9956554770469666, 0.9980801939964294, 1.0, 0.9958899021148682, 0.993789792060852, 0.9869052171707153, 0.9773370027542114, 0.958910346031189], [0.8020757436752319, 0.8058237433433533, 0.8042428493499756, 0.859147846698761, 0.9086871147155762, 0.9099611639976501, 0.9121981859207153, 0.911833643913269, 0.9158235192298889, 0.9175755381584167, 0.9215954542160034, 0.9208186864852905, 0.9222909808158875, 0.9213414788246155, 0.9188700914382935, 0.9163476824760437, 0.9199579954147339, 0.9258310794830322, 0.9281295537948608, 0.93398517370224, 0.9338418841362, 0.9334467053413391, 0.9558730721473694, 0.9687393307685852, 0.9766086935997009, 0.9808282852172852, 0.9827663898468018, 0.9898846745491028, 0.9935988187789917, 0.9958899021148682, 1.0, 0.997551679611206, 0.9916507601737976, 0.9847902655601501, 0.9621306657791138], [0.7991597652435303, 0.8028805255889893, 0.8011819124221802, 0.8573341965675354, 0.9077181816101074, 0.908756673336029, 0.9106844067573547, 0.9101668000221252, 0.9144628643989563, 0.9162633419036865, 0.9204378128051758, 0.9197031259536743, 0.9216676354408264, 0.9207457900047302, 0.9184646606445312, 0.9158764481544495, 0.9195067882537842, 0.9252133369445801, 0.9275422692298889, 0.9333875179290771, 0.9332572817802429, 0.9330448508262634, 0.9549450874328613, 0.9674414396286011, 0.9752290844917297, 0.9791519641876221, 0.9811241626739502, 0.9881466627120972, 0.9915552735328674, 0.993789792060852, 0.997551679611206, 1.0, 0.9938225150108337, 0.9863758683204651, 0.9621105194091797], [0.777005136013031, 0.7814521193504333, 0.7792989015579224, 0.8385908007621765, 0.8938150405883789, 0.8952063918113708, 0.8977431058883667, 0.8983950018882751, 0.9051154851913452, 0.907659113407135, 0.9124569892883301, 0.9113232493400574, 0.9175848960876465, 0.917034387588501, 0.9154879450798035, 0.9129536747932434, 0.9162613749504089, 0.9199711084365845, 0.922979474067688, 0.9290307760238647, 0.9290998578071594, 0.9295132756233215, 0.9483156800270081, 0.9586922526359558, 0.9651159644126892, 0.9685505628585815, 0.9703336358070374, 0.980549693107605, 0.9840427041053772, 0.9869052171707153, 0.9916507601737976, 0.9938225150108337, 1.0, 0.9902815222740173, 0.969340980052948], [0.7675967216491699, 0.771388590335846, 0.7694491744041443, 0.8246444463729858, 0.8739269375801086, 0.8750512599945068, 0.8765299320220947, 0.8762528896331787, 0.8808775544166565, 0.8828074336051941, 0.8869413733482361, 0.8857871294021606, 0.8890881538391113, 0.8882097005844116, 0.8858376741409302, 0.8830862641334534, 0.8866848349571228, 0.8919591903686523, 0.8950555324554443, 0.9015508890151978, 0.9015473127365112, 0.9014341831207275, 0.9249281287193298, 0.9405665397644043, 0.9502149820327759, 0.9556243419647217, 0.9587113857269287, 0.9687511920928955, 0.9741728901863098, 0.9773370027542114, 0.9847902655601501, 0.9863758683204651, 0.9902815222740173, 1.0, 0.9703759551048279], [0.7513647079467773, 0.7565584182739258, 0.7545592188835144, 0.8115487694740295, 0.8719784617424011, 0.8757110238075256, 0.8838196396827698, 0.8880839943885803, 0.8980544209480286, 0.901327908039093, 0.9049366116523743, 0.9030106067657471, 0.9126648306846619, 0.9130644202232361, 0.9122762680053711, 0.9106605648994446, 0.9129278063774109, 0.91476970911026, 0.9184053540229797, 0.9225158095359802, 0.9231657385826111, 0.9232130646705627, 0.9340461492538452, 0.9366629719734192, 0.9406093955039978, 0.9408434629440308, 0.9418290853500366, 0.9548771381378174, 0.956325888633728, 0.958910346031189, 0.9621306657791138, 0.9621105194091797, 0.969340980052948, 0.9703759551048279, 1.0]], "blockiness_full": 0.10618910671323112, "cuts_full": [1, 3], "blockiness_subsampled": 0.11653432024627175, "cuts_subsampled": [1, 2], "n_subsampled": 12, "inflation": 0.010345213533040631}